00 1E 00000000 
00 09 00000000 
01 0E 00000000 
01 08 00000000 
03 0C 00000000 
03 12 00000000 
02 19 00000000 
00 2D 00000000 
02 0B 00000000 
03 18 00000000 
01 3D 00000000 
01 03 00000000 
02 19 00000001 
00 1D 00000000 
02 09 00000000 
02 16 00000000 
00 07 00000000 
00 08 00000000 
01 11 00000000 
02 2D 00000000 
03 17 00000000 
02 00 00000000 
02 14 00000000 
02 23 00000000 
01 22 00000000 
02 06 00000000 
02 03 00000000 
02 0F 00000000 
00 32 00000000 
02 04 00000000 
02 2E 00000000 
03 33 00000000 
00 2E 00000000 
00 38 00000000 
02 34 00000000 
01 20 00000000 
00 28 00000000 
03 31 00000000 
01 2A 00000000 
03 18 00000001 
02 31 00000000 
01 1D 00000000 
03 35 00000000 
02 21 00000000 
00 0E 00000000 
00 2B 00000000 
02 06 00000001 
03 01 00000000 
01 22 00000001 
00 12 00000000 
03 1C 00000000 
02 38 00000000 
01 3B 00000000 
03 2D 00000000 
00 29 00000000 
02 28 00000000 
00 3D 00000000 
01 12 00000000 
00 21 00000000 
02 2F 00000000 
01 0E 00000001 
02 08 00000000 
01 34 00000000 
02 3D 00000000 
01 22 00000002 
01 20 00000001 
02 39 00000000 
00 1C 00000000 
02 1B 00000000 
01 36 00000000 
00 37 00000000 
01 09 00000000 
02 25 00000000 
01 05 00000000 
01 09 00000001 
01 15 00000000 
03 0B 00000000 
00 24 00000000 
02 23 00000001 
02 37 00000000 
02 0F 00000001 
01 10 00000000 
03 1E 00000000 
01 2E 00000000 
02 3B 00000000 
03 24 00000000 
02 33 00000000 
03 00 00000000 
01 34 00000001 
00 17 00000000 
03 0A 00000000 
01 31 00000000 
03 3D 00000000 
03 0E 00000000 
02 35 00000000 
01 06 00000000 
00 13 00000000 
00 33 00000000 
00 17 00000001 
01 17 00000000 
00 02 00000000 
01 04 00000000 
01 3E 00000000 
01 3C 00000000 
01 20 00000002 
01 0C 00000000 
00 29 00000001 
03 13 00000000 
01 12 00000001 
01 06 00000001 
01 16 00000000 
01 2F 00000000 
03 3A 00000000 
01 36 00000001 
00 06 00000000 
02 3D 00000001 
01 32 00000000 
02 0E 00000000 
02 12 00000000 
01 3A 00000000 
00 27 00000000 
02 0F 00000002 
01 1F 00000000 
00 3B 00000000 
01 3B 00000001 
00 39 00000000 
02 03 00000001 
00 14 00000000 
00 05 00000000 
03 1A 00000000 
03 1C 00000001 
00 3A 00000000 
03 19 00000000 
02 33 00000001 
01 3F 00000000 
01 3C 00000001 
03 2C 00000000 
01 14 00000000 
03 38 00000000 
03 08 00000000 
03 02 00000000 
02 3B 00000001 
02 00 00000001 
02 03 00000002 
01 12 00000002 
02 29 00000000 
02 0F 00000003 
03 21 00000000 
01 02 00000000 
03 38 00000001 
00 0C 00000000 
03 2D 00000001 
02 0D 00000000 
00 2D 00000001 
00 0E 00000001 
01 23 00000000 
02 02 00000000 
03 1A 00000001 
03 25 00000000 
01 2E 00000001 
01 1B 00000000 
02 09 00000001 
02 1D 00000000 
02 3F 00000000 
01 25 00000000 
01 1F 00000001 
01 0B 00000000 
00 04 00000000 
00 09 00000001 
02 38 00000001 
03 31 00000001 
02 3F 00000001 
01 23 00000001 
02 08 00000001 
01 13 00000000 
02 35 00000001 
02 2D 00000001 
00 17 00000002 
00 23 00000000 
02 00 00000002 
03 1D 00000000 
00 11 00000000 
00 1E 00000001 
02 37 00000001 
02 0B 00000001 
01 32 00000001 
01 34 00000002 
02 27 00000000 
01 3D 00000001 
02 14 00000001 
01 18 00000000 
01 05 00000001 
00 3A 00000001 
00 03 00000000 
02 0E 00000001 
02 19 00000002 
02 0D 00000001 
03 08 00000001 
01 13 00000001 
02 2E 00000001 
01 33 00000000 
01 18 00000001 
01 04 00000001 
03 34 00000000 
00 24 00000001 
03 26 00000000 
00 17 00000003 
02 02 00000001 
01 12 00000003 
00 11 00000001 
01 22 00000003 
01 08 00000001 
00 04 00000001 
00 2D 00000002 
00 1D 00000001 
03 32 00000000 
00 06 00000001 
02 2A 00000000 
00 21 00000001 
01 22 00000004 
01 30 00000000 
03 01 00000001 
00 01 00000000 
03 22 00000000 
02 16 00000001 
01 38 00000000 
02 21 00000001 
01 28 00000000 
02 05 00000000 
01 09 00000002 
01 09 00000003 
00 3C 00000000 
03 0B 00000001 
01 3B 00000002 
01 0C 00000001 
00 1C 00000001 
02 10 00000000 
00 1B 00000000 
02 2C 00000000 
01 1C 00000000 
03 2E 00000000 
02 18 00000000 
03 2E 00000001 
03 3A 00000001 
01 10 00000001 
01 3C 00000002 
01 05 00000002 
02 32 00000000 
02 0C 00000000 
00 26 00000000 
01 10 00000002 
02 30 00000000 
03 2E 00000002 
02 36 00000000 
01 15 00000001 
02 30 00000001 
00 1B 00000001 
02 14 00000002 
02 03 00000003 
03 38 00000002 
02 37 00000002 
01 07 00000000 
01 10 00000003 
00 12 00000001 
03 1A 00000002 
00 29 00000002 
00 11 00000002 
02 37 00000003 
03 05 00000000 
00 21 00000002 
03 3E 00000000 
00 18 00000000 
03 32 00000001 
03 35 00000001 
03 31 00000002 
01 02 00000001 
02 21 00000002 
02 15 00000000 
01 17 00000001 
00 31 00000000 
02 03 00000004 
00 12 00000002 
00 1D 00000002 
02 2E 00000002 
02 37 00000004 
01 32 00000002 
00 16 00000000 
03 0F 00000000 
02 10 00000001 
02 37 00000005 
01 1F 00000002 
01 12 00000004 
02 26 00000000 
00 20 00000000 
02 1C 00000000 
03 23 00000000 
02 36 00000001 
03 19 00000001 
00 1B 00000002 
03 05 00000001 
03 0A 00000001 
02 28 00000001 
00 15 00000000 
03 23 00000001 
02 28 00000002 
02 0C 00000001 
02 3D 00000002 
02 24 00000000 
01 31 00000001 
03 29 00000000 
01 1D 00000001 
03 1D 00000001 
01 0A 00000000 
02 22 00000000 
03 2A 00000000 
01 0A 00000001 
02 24 00000001 
01 2F 00000001 
01 29 00000000 
02 1D 00000001 
02 0D 00000002 
01 2F 00000002 
00 23 00000001 
01 21 00000000 
00 3F 00000000 
03 1C 00000002 
02 3A 00000000 
01 39 00000000 
02 07 00000000 
02 08 00000002 
03 16 00000000 
01 0C 00000002 
00 17 00000004 
02 11 00000000 
01 18 00000002 
01 30 00000001 
02 0F 00000004 
01 17 00000002 
03 26 00000001 
00 3A 00000002 
01 0E 00000002 
02 3D 00000003 
01 34 00000003 
01 2B 00000000 
03 0B 00000002 
01 2F 00000003 
01 31 00000002 
01 14 00000001 
01 01 00000000 
02 0E 00000002 
01 37 00000000 
02 2C 00000001 
03 39 00000000 
01 0B 00000001 
03 0C 00000001 
01 39 00000001 
00 2E 00000001 
02 1A 00000000 
02 1A 00000001 
00 08 00000001 
02 16 00000002 
01 29 00000001 
02 1A 00000002 
02 0B 00000002 
01 33 00000001 
03 0A 00000002 
01 37 00000001 
01 17 00000003 
00 32 00000001 
02 03 00000005 
03 07 00000000 
00 0B 00000000 
02 01 00000000 
02 1F 00000000 
00 0A 00000000 
02 1E 00000000 
02 31 00000001 
01 3D 00000002 
03 36 00000000 
01 1E 00000000 
02 2F 00000001 
02 2A 00000001 
03 07 00000001 
03 19 00000002 
02 1E 00000001 
03 08 00000002 
01 29 00000002 
00 0B 00000001 
02 38 00000002 
01 34 00000004 
00 37 00000001 
03 2B 00000000 
03 19 00000003 
03 39 00000001 
02 2A 00000002 
03 30 00000000 
00 14 00000001 
01 1A 00000000 
02 0A 00000000 
02 25 00000001 
02 3B 00000002 
02 0C 00000002 
02 0D 00000003 
02 06 00000002 
00 2C 00000000 
02 3C 00000000 
02 3A 00000001 
02 06 00000003 
02 05 00000001 
00 07 00000001 
01 11 00000001 
00 29 00000003 
01 27 00000000 
02 1D 00000002 
02 03 00000006 
01 3F 00000001 
01 09 00000004 
03 0D 00000000 
01 2E 00000002 
03 24 00000001 
02 14 00000003 
02 18 00000001 
00 36 00000000 
03 1A 00000003 
03 2F 00000000 
01 26 00000000 
02 02 00000002 
02 20 00000000 
02 22 00000001 
03 33 00000001 
02 1B 00000001 
02 2D 00000002 
02 09 00000002 
00 1B 00000003 
03 32 00000002 
01 18 00000003 
00 30 00000000 
01 00 00000000 
03 32 00000003 
00 2F 00000000 
00 24 00000002 
02 0A 00000001 
03 1E 00000001 
03 08 00000003 
02 09 00000003 
03 03 00000000 
00 21 00000003 
02 28 00000003 
01 13 00000002 
01 19 00000000 
02 03 00000007 
01 28 00000001 
01 19 00000001 
02 3C 00000001 
00 21 00000004 
03 2C 00000001 
03 07 00000002 
02 0E 00000003 
03 0E 00000001 
01 2B 00000001 
02 04 00000001 
02 03 00000008 
01 37 00000002 
02 01 00000001 
03 32 00000004 
00 08 00000002 
01 19 00000002 
01 1C 00000001 
00 1C 00000002 
01 1A 00000001 
03 27 00000000 
03 2D 00000002 
02 00 00000003 
01 32 00000003 
01 31 00000003 
01 27 00000001 
01 00 00000001 
02 3C 00000002 
02 06 00000004 
00 02 00000001 
01 0E 00000003 
03 1F 00000000 
03 15 00000000 
03 2D 00000003 
00 02 00000002 
02 2D 00000003 
01 25 00000001 
01 08 00000002 
01 1C 00000002 
03 30 00000001 
02 2A 00000003 
02 11 00000001 
02 23 00000002 
01 3C 00000003 
02 15 00000001 
02 23 00000003 
01 02 00000002 
02 05 00000002 
02 38 00000003 
02 19 00000003 
03 28 00000000 
02 0D 00000004 
03 1A 00000004 
02 3A 00000002 
01 1D 00000002 
02 31 00000002 
01 28 00000002 
02 3E 00000000 
00 24 00000003 
02 2E 00000003 
00 2F 00000001 
01 34 00000005 
02 3B 00000003 
02 0F 00000005 
03 25 00000001 
02 0B 00000003 
02 33 00000002 
01 32 00000004 
03 2A 00000001 
02 01 00000002 
02 2D 00000004 
01 37 00000003 
00 13 00000001 
03 33 00000002 
03 1F 00000001 
01 3D 00000003 
03 03 00000001 
01 30 00000002 
02 1E 00000002 
00 3F 00000001 
02 13 00000000 
01 19 00000003 
02 0C 00000003 
02 2B 00000000 
00 20 00000001 
00 38 00000001 
02 09 00000004 
03 28 00000001 
02 0A 00000002 
01 28 00000003 
01 3E 00000001 
02 36 00000002 
01 25 00000002 
01 0E 00000004 
02 37 00000006 
03 0D 00000001 
00 3B 00000001 
01 0B 00000002 
03 2A 00000002 
02 17 00000000 
02 20 00000001 
02 06 00000005 
02 3D 00000004 
00 05 00000001 
01 3A 00000001 
02 05 00000003 
00 14 00000002 
02 10 00000002 
02 3D 00000005 
01 06 00000002 
01 20 00000003 
02 22 00000002 
02 2F 00000002 
00 1D 00000003 
03 30 00000002 
01 09 00000005 
01 07 00000001 
02 1E 00000003 
01 29 00000003 
01 06 00000003 
01 12 00000005 
02 37 00000007 
01 36 00000002 
02 3B 00000004 
01 2E 00000003 
01 20 00000004 
03 06 00000000 
02 16 00000003 
03 1E 00000002 
02 20 00000002 
00 15 00000001 
01 09 00000006 
00 03 00000001 
01 35 00000000 
02 0F 00000006 
03 31 00000003 
01 19 00000004 
03 23 00000002 
03 3A 00000002 
02 04 00000002 
02 06 00000006 
00 16 00000001 
00 0D 00000000 
02 15 00000002 
02 1A 00000003 
01 00 00000002 
02 1F 00000001 
01 13 00000003 
02 17 00000001 
00 20 00000002 
00 1A 00000000 
03 00 00000001 
01 27 00000002 
02 1E 00000004 
00 05 00000002 
01 1A 00000002 
01 1F 00000003 
01 30 00000003 
02 3B 00000005 
02 34 00000001 
02 39 00000001 
02 24 00000002 
01 20 00000005 
01 22 00000005 
01 2E 00000004 
02 1B 00000002 
00 2B 00000001 
03 22 00000001 
03 34 00000001 
02 0A 00000003 
01 30 00000004 
01 1D 00000003 
02 3D 00000006 
00 0D 00000001 
02 0A 00000004 
03 20 00000000 
02 34 00000002 
03 07 00000003 
00 09 00000002 
00 3C 00000001 
00 0B 00000002 
01 19 00000005 
03 13 00000001 
02 12 00000001 
00 06 00000002 
00 2F 00000002 
00 1C 00000003 
01 32 00000005 
02 3D 00000007 
02 0B 00000004 
03 27 00000001 
02 31 00000003 
03 17 00000001 
01 34 00000006 
03 1B 00000000 
02 10 00000003 
02 0C 00000004 
01 2F 00000004 
00 37 00000002 
01 19 00000006 
01 32 00000006 
00 13 00000002 
03 16 00000001 
01 1C 00000003 
03 27 00000002 
00 20 00000003 
00 03 00000002 
03 3D 00000001 
00 10 00000000 
00 32 00000002 
00 35 00000000 
01 1D 00000004 
01 1E 00000001 
02 30 00000002 
03 26 00000002 
01 13 00000004 
01 25 00000003 
01 2E 00000005 
03 02 00000001 
02 0F 00000007 
03 1C 00000003 
02 14 00000004 
02 21 00000003 
01 2B 00000002 
03 36 00000001 
03 30 00000003 
01 03 00000001 
01 31 00000004 
03 1B 00000001 
02 3C 00000003 
01 3D 00000004 
01 2E 00000006 
03 37 00000000 
03 0E 00000002 
01 3D 00000005 
02 25 00000002 
01 2E 00000007 
01 10 00000004 
01 01 00000001 
02 1C 00000001 
01 0E 00000005 
02 11 00000002 
00 05 00000003 
03 1D 00000002 
02 38 00000004 
00 13 00000003 
01 2C 00000000 
02 0B 00000005 
02 22 00000003 
01 2A 00000001 
00 20 00000004 
02 21 00000004 
03 27 00000003 
01 17 00000004 
00 1E 00000002 
01 02 00000003 
00 08 00000003 
01 04 00000002 
01 0C 00000003 
03 22 00000002 
02 0A 00000005 
03 16 00000002 
02 23 00000004 
01 0C 00000004 
01 30 00000005 
02 2C 00000002 
02 1A 00000004 
03 01 00000002 
02 31 00000004 
01 37 00000004 
02 01 00000003 
03 02 00000002 
01 0D 00000000 
01 15 00000002 
03 16 00000003 
01 3C 00000004 
02 1F 00000002 
01 1F 00000004 
02 0A 00000006 
02 34 00000003 
01 11 00000002 
02 26 00000001 
02 2A 00000004 
02 2E 00000004 
03 22 00000003 
03 13 00000002 
01 39 00000002 
00 12 00000003 
00 2F 00000003 
01 0A 00000002 
02 17 00000002 
01 37 00000005 
02 36 00000003 
00 17 00000005 
02 21 00000005 
03 1E 00000003 
01 34 00000007 
01 0B 00000003 
03 0F 00000001 
01 3D 00000006 
01 20 00000006 
00 1A 00000001 
03 38 00000003 
03 16 00000004 
00 2B 00000002 
01 28 00000004 
00 17 00000006 
02 1E 00000005 
00 1A 00000002 
02 32 00000001 
01 3D 00000007 
00 2C 00000001 
03 2C 00000002 
01 2A 00000002 
03 38 00000004 
02 2C 00000003 
01 2C 00000001 
02 1F 00000003 
01 37 00000006 
00 26 00000001 
02 2C 00000004 
00 12 00000004 
01 31 00000005 
01 20 00000007 
02 28 00000004 
01 06 00000004 
02 3C 00000004 
01 14 00000002 
00 34 00000000 
02 34 00000004 
01 14 00000003 
03 18 00000002 
02 32 00000002 
01 22 00000006 
00 26 00000002 
00 1C 00000004 
02 15 00000003 
01 11 00000003 
01 11 00000004 
03 03 00000002 
02 06 00000007 
01 3B 00000003 
00 0D 00000002 
03 1B 00000002 
00 0C 00000001 
03 03 00000003 
03 37 00000001 
02 24 00000003 
01 38 00000001 
00 31 00000001 
00 12 00000005 
02 1C 00000002 
02 19 00000004 
01 16 00000001 
03 35 00000002 
02 25 00000003 
01 37 00000007 
03 2B 00000001 
01 27 00000003 
02 32 00000003 
00 08 00000004 
01 3D 00000008 
02 26 00000002 
03 17 00000002 
01 19 00000007 
00 15 00000002 
00 08 00000005 
00 38 00000002 
01 08 00000003 
03 16 00000005 
00 0D 00000003 
03 03 00000004 
00 30 00000001 
02 35 00000002 
02 2A 00000005 
01 38 00000002 
02 29 00000001 
02 30 00000003 
00 3E 00000000 
02 14 00000005 
00 17 00000007 
02 35 00000003 
02 27 00000001 
00 2E 00000002 
03 29 00000001 
01 10 00000005 
01 16 00000002 
02 0D 00000005 
02 0F 00000008 
03 14 00000000 
03 1A 00000005 
00 14 00000003 
01 01 00000002 
02 3B 00000006 
02 20 00000003 
01 2D 00000000 
02 05 00000004 
01 22 00000007 
02 3E 00000001 
02 38 00000005 
00 2E 00000003 
00 39 00000001 
01 1F 00000005 
01 36 00000003 
01 13 00000005 
02 22 00000004 
03 3B 00000000 
01 24 00000000 
00 0D 00000004 
01 05 00000003 
01 38 00000003 
03 35 00000003 
02 36 00000004 
02 00 00000004 
01 17 00000005 
00 2D 00000003 
02 08 00000003 
01 2D 00000001 
00 17 00000008 
01 02 00000004 
03 31 00000004 
02 15 00000004 
01 2A 00000003 
03 06 00000001 
00 3A 00000003 
02 3B 00000007 
01 08 00000004 
01 38 00000004 
01 12 00000006 
01 12 00000007 
01 25 00000004 
01 33 00000002 
03 24 00000002 
03 31 00000005 
03 03 00000005 
00 02 00000003 
01 38 00000005 
00 0C 00000002 
01 08 00000005 
01 09 00000007 
01 3A 00000002 
00 2F 00000004 
03 04 00000000 
01 15 00000003 
01 3E 00000002 
01 01 00000003 
00 37 00000003 
01 1D 00000005 
00 03 00000003 
00 21 00000005 
00 16 00000002 
00 2D 00000004 
02 33 00000003 
03 0C 00000002 
01 23 00000002 
01 39 00000003 
02 1E 00000006 
02 3A 00000003 
03 01 00000003 
00 34 00000001 
02 1D 00000003 
02 22 00000005 
00 09 00000003 
01 38 00000006 
01 16 00000003 
01 0D 00000001 
03 23 00000003 
03 1F 00000002 
00 10 00000001 
02 06 00000008 
02 0E 00000004 
01 30 00000006 
03 0C 00000003 
01 39 00000004 
02 16 00000004 
01 27 00000004 
03 22 00000004 
03 19 00000004 
02 36 00000005 
02 32 00000004 
03 2E 00000003 
00 01 00000001 
02 3E 00000002 
00 2D 00000005 
02 16 00000005 
02 24 00000004 
02 0A 00000007 
01 3F 00000002 
01 00 00000003 
02 26 00000003 
03 1E 00000004 
00 1D 00000004 
02 0E 00000005 
01 2C 00000002 
02 1E 00000007 
03 39 00000002 
01 02 00000005 
03 20 00000001 
01 02 00000006 
00 1B 00000004 
01 0D 00000002 
02 15 00000005 
01 31 00000006 
02 32 00000005 
02 17 00000003 
03 3C 00000000 
00 18 00000001 
02 22 00000006 
02 27 00000002 
01 15 00000004 
01 2E 00000008 
02 3C 00000005 
02 1F 00000004 
03 19 00000005 
01 08 00000006 
02 14 00000006 
00 30 00000002 
01 1B 00000001 
01 1E 00000002 
01 12 00000008 
02 1E 00000008 
01 08 00000007 
02 08 00000004 
02 3A 00000004 
01 13 00000006 
02 2D 00000005 
03 10 00000000 
01 2B 00000003 
00 36 00000001 
01 20 00000008 
01 04 00000003 
03 06 00000002 
01 34 00000008 
01 1B 00000002 
03 05 00000002 
01 18 00000004 
01 2F 00000005 
03 0E 00000003 
03 06 00000003 
02 38 00000006 
01 20 00000009 
02 3C 00000006 
01 24 00000001 
02 2F 00000003 
02 19 00000005 
02 3A 00000005 
01 14 00000004 
00 06 00000003 
01 30 00000007 
02 04 00000003 
