0000000001111010
0000111000000000
1000000100100100
1001000001010001
0000010100000000
0100000101100000
1000100110101101
0000100000000000
0100010100000000
0000000001101100
0000000000000000
0100000000000000
0100000000000001
0011001101111001
0000000100000001
0000001011000111
0000000100000001
0000001001010000
0000100000000000
0001100101100101
0010011001110000
0000000100000000
0010010001010001
1011110000111110
1011101101100100
0000100100000000
0000100000001001
0000101000001011
0000110000001101
0000111000001111
0001000000010001
0001001000010011
0001010000010101
0001011000010111
0001100000011001
0001101000011011
0001110000011101
0001111000011111
0010000000100001
0010001000100011
0010010000100101
0010011000100111
0010100000101001
0010101000101011
0010110000101101
0010111000101111
0011000000110001
0011001000110011
0011010000110101
0011011000110111
0011100000111001
0011101000111011
0011110000111101
0011111000111111
0100000001000001
0100001001000011
0100010001000101
0100011001000111
0100100001001001
0100101001001011
0100110001001101
0100111001001111
1111111111111111
1111111111111111
1111111111111111
1111111111111111
1111111111111111
1111111111111111
