0000000001000110
0000111000000000
1000000100100100
1001000001010001
0000010100000000
0100000101100000
1000100110101101
0000100000000000
0100010100000000
0000000000111000
0000000000000000
0100000000000000
0100000000010001
0011001110011101
0000000100000001
0000001011000111
0000000100000001
0000001001010000
1000000010001011
0001101101011000
0000000000100100
1001011110011000
0101010001101000
0110100101110011
0010000001101001
0111001100100000
0110000100100000
0111001101101001
0110110101110000
0110110001100101
0010000001010101
0100010001010000
0010000001101101
0110010101110011
0111001101100001
0110011101100101
1111111111111111
1111111111111111
1111111111111111
1111111111111111
