62 1 8
29 0 10
40 2 12
34 1 14
5 1 54
41 2 152
50 0 164
35 0 142
37 2 500
5 2 296
2 1 50
4 3 220
6 2 8
57 2 190
31 1 70
24 2 48
57 0 292
28 3 478
44 0 388
54 0 248
37 2 232
12 1 498
32 3 126
9 2 580
16 1 444
37 0 284
44 2 380
48 0 168
17 2 510
59 2 214
1 2 212
14 0 568
23 2 406
21 2 498
52 2 306
12 2 526
52 1 400
22 2 52
30 1 372
37 2 110
36 1 520
18 2 470
49 1 162
63 3 538
12 2 574
38 2 336
49 1 200
50 1 316
23 1 384
45 1 150
12 1 544
12 3 98
1 2 46
30 2 216
37 1 584
49 0 60
7 3 344
35 1 194
32 1 148
4 1 272
59 2 340
31 0 224
11 2 72
32 3 398
12 1 550
45 3 246
30 1 96
58 3 78
6 1 52
59 1 322
5 1 98
55 3 194
24 3 216
10 2 272
20 1 62
17 0 492
11 2 416
40 1 502
1 2 426
2 1 228
16 1 104
38 3 52
22 1 138
34 1 214
38 1 232
4 3 250
51 0 530
6 2 498
50 1 90
54 1 480
24 2 442
58 3 328
26 2 8
55 1 36
4 2 402
30 1 318
5 2 178
19 1 74
23 1 374
54 3 232
20 2 476
0 3 310
60 3 384
14 2 384
13 1 368
30 1 374
49 1 72
50 2 168
45 1 532
55 1 338
41 3 562
18 3 480
45 0 586
18 2 178
57 2 530
37 0 306
40 2 436
45 2 406
10 3 550
46 0 476
59 1 68
45 1 134
17 0 220
58 1 214
9 1 562
8 1 340
23 2 74
16 2 498
51 3 352
24 3 64
57 0 410
28 0 382
8 2 144
32 3 112
3 3 194
31 3 46
14 0 390
25 3 572
53 3 214
2 2 214
19 2 312
28 2 144
15 2 348
37 0 198
60 2 162
40 2 184
15 2 470
14 3 158
11 0 212
17 0 582
56 0 194
32 1 566
46 2 184
35 1 226
1 3 516
48 2 330
22 2 402
2 0 366
56 1 388
52 1 166
44 1 406
36 3 452
17 1 42
49 0 262
49 1 120
52 3 208
17 0 106
47 1 110
7 1 130
36 0 84
35 3 566
33 1 42
33 0 128
16 1 164
45 1 340
21 2 258
7 2 118
24 0 434
40 1 334
54 3 114
44 0 192
28 1 550
5 2 240
12 2 268
7 2 228
29 3 526
0 2 88
52 0 496
40 2 88
49 1 364
26 0 276
17 0 498
56 2 64
53 0 16
49 2 102
48 1 390
48 3 52
53 2 272
11 1 418
40 1 552
62 1 444
13 2 540
35 1 250
29 0 10
46 0 428
45 3 252
53 2 274
5 1 40
37 2 366
49 2 70
26 1 332
7 3 124
60 1 348
10 3 178
49 2 124
32 1 288
29 2 60
59 2 444
25 0 88
23 0 272
42 2 202
37 1 544
51 1 110
62 2 62
58 1 74
19 2 240
18 2 182
46 2 576
3 2 220
30 1 270
38 0 252
49 1 94
60 3 286
1 1 16
30 0 358
17 3 282
8 1 132
3 0 26
29 1 518
14 2 372
7 1 578
42 2 408
7 2 416
9 2 134
24 1 360
21 3 434
45 2 236
46 1 432
33 1 214
23 0 350
58 0 326
5 3 122
59 1 274
10 1 220
41 1 88
47 2 510
45 0 90
48 3 264
6 1 242
36 0 286
36 1 366
29 3 532
61 1 130
12 3 140
52 2 14
17 0 92
41 1 118
22 3 286
47 1 572
50 1 36
4 2 376
21 0 524
28 1 326
45 1 398
5 2 468
7 2 204
51 1 580
19 3 398
11 0 490
22 2 408
9 2 102
14 2 434
1 1 34
52 1 446
44 1 566
35 0 500
53 1 168
14 3 242
29 1 54
31 1 82
31 0 28
59 0 310
13 2 66
58 0 552
44 3 168
31 2 410
26 1 262
61 3 284
39 2 146
10 2 256
51 2 152
25 2 36
36 3 158
63 2 426
11 2 410
21 3 540
41 3 404
8 0 368
43 3 560
9 1 478
7 1 286
48 2 570
47 2 492
5 1 224
52 2 412
23 2 548
50 1 230
55 1 10
44 2 256
27 3 290
52 1 496
51 1 368
56 2 552
38 0 356
33 3 96
57 0 164
36 1 118
49 1 542
49 3 344
28 1 358
35 1 364
20 3 218
11 1 82
15 0 114
57 2 66
54 1 304
33 2 122
28 3 340
57 1 310
17 2 420
51 2 32
46 0 264
50 1 388
15 2 206
55 2 58
52 0 150
12 2 330
5 1 116
18 1 116
52 2 376
5 1 430
21 0 258
22 1 342
28 0 142
23 1 514
28 2 100
39 0 350
25 0 8
5 2 232
57 1 30
51 2 290
43 1 182
56 2 426
9 1 338
9 3 434
2 1 78
41 1 234
1 2 408
52 2 44
24 1 392
20 3 296
11 2 250
2 2 552
33 1 514
49 2 328
15 1 398
61 0 116
20 2 424
7 1 178
10 1 118
20 2 560
54 3 42
24 0 494
50 1 122
39 1 400
8 1 318
61 1 192
11 2 120
44 1 182
42 1 378
16 0 252
12 2 512
61 1 56
5 1 378
47 2 530
33 1 306
56 2 436
20 2 20
9 1 148
14 2 554
61 1 446
36 0 540
50 2 514
27 1 440
26 0 98
13 3 80
1 1 446
0 2 350
27 2 48
58 3 384
21 1 422
48 3 122
58 2 122
37 3 288
8 1 270
40 2 40
10 1 112
10 1 270
54 3 196
36 2 408
6 1 484
57 0 260
27 2 368
10 2 208
53 0 576
59 2 76
35 0 194
62 1 64
54 2 58
29 2 294
37 2 58
16 2 258
28 1 314
53 0 352
27 1 382
27 2 154
53 1 240
26 0 520
32 1 476
1 3 168
12 1 324
31 3 562
37 1 60
2 3 186
1 0 98
25 2 320
34 1 548
10 1 202
25 2 526
26 3 204
18 1 434
16 1 310
15 2 414
13 0 74
61 3 562
63 2 98
29 1 232
58 0 578
56 3 102
43 0 498
10 2 294
37 2 166
15 0 340
21 0 516
55 3 66
13 1 506
48 2 54
49 3 374
59 1 42
39 1 582
20 1 124
33 1 68
16 2 436
50 0 166
30 1 412
12 0 26
60 2 270
46 3 498
19 1 312
41 3 282
25 2 468
35 3 216
44 0 486
40 0 382
5 3 168
27 0 478
58 3 32
33 3 222
30 2 340
35 1 498
12 3 584
46 1 230
45 1 570
28 1 56
21 3 544
33 0 386
40 0 10
54 1 114
63 2 570
57 2 126
52 1 156
11 2 224
28 1 466
54 3 298
8 2 60
46 2 256
2 0 324
61 1 466
21 0 582
3 1 582
41 3 574
1 1 292
19 1 64
15 1 224
1 1 170
21 0 316
2 1 534
16 2 350
15 2 438
56 1 78
12 1 50
3 2 328
35 2 552
58 2 562
14 1 254
22 1 404
47 1 128
50 1 444
46 1 358
44 0 548
60 3 136
23 2 480
45 1 80
17 1 428
22 2 200
50 2 98
41 1 154
27 1 200
41 2 304
32 3 44
53 2 234
5 2 200
33 1 558
58 2 486
29 2 164
20 3 422
58 2 488
1 2 22
23 0 104
38 2 214
34 1 542
30 2 70
23 1 468
2 2 64
11 2 342
8 3 116
0 1 162
1 1 322
7 1 336
2 0 542
33 2 458
21 1 242
33 0 414
29 1 566
8 3 248
15 3 224
54 3 242
45 0 54
54 2 360
24 0 566
55 0 188
17 3 294
49 2 442
22 2 224
47 2 298
51 1 524
33 0 60
18 3 142
2 1 382
62 2 424
34 2 256
41 1 422
60 3 434
30 0 126
15 0 250
28 1 46
53 0 160
5 2 204
39 2 518
42 2 426
50 2 182
47 1 172
38 1 366
10 2 200
2 1 534
14 1 518
5 1 198
33 0 130
30 1 128
16 0 192
23 1 224
34 1 176
17 2 384
44 1 438
36 3 168
17 1 552
45 0 332
55 3 320
53 0 174
52 0 540
55 1 410
30 2 88
9 0 442
56 1 16
58 3 312
5 2 218
48 0 528
40 2 308
60 1 380
5 3 254
50 1 316
55 1 492
19 3 140
47 2 316
22 2 582
7 2 540
26 2 28
62 2 444
21 1 122
47 2 310
50 1 512
7 3 480
53 2 450
42 1 214
27 3 580
6 3 208
51 1 418
51 1 16
63 0 68
17 2 170
40 3 344
3 2 80
56 2 488
31 2 412
41 2 186
61 1 60
10 1 50
52 1 238
38 3 316
44 2 128
7 0 474
49 1 372
46 3 228
43 0 372
10 3 176
11 1 420
27 3 316
2 0 402
2 1 120
32 1 388
53 0 464
3 2 128
5 2 102
29 2 22
1 3 406
59 2 538
59 2 554
60 0 148
2 0 574
8 1 404
45 1 316
27 2 46
47 3 198
57 3 112
54 3 288
14 3 270
62 2 82
31 2 14
53 3 266
3 2 570
55 2 328
13 1 214
51 3 562
16 0 564
43 2 84
4 1 196
58 1 488
57 0 518
28 2 278
60 2 82
43 3 342
24 1 484
44 3 452
41 0 120
47 3 86
28 2 246
2 1 202
38 2 140
12 1 158
46 3 344
41 1 558
6 3 338
46 0 120
36 0 70
9 1 244
2 1 222
6 2 22
2 2 586
23 1 490
26 2 506
52 1 522
10 2 70
39 2 522
37 0 342
51 1 318
51 3 570
14 3 146
57 3 410
1 2 548
53 3 462
13 0 52
54 2 436
52 0 138
23 1 470
32 0 536
44 1 204
31 2 200
29 1 246
7 2 94
38 2 380
23 1 172
13 1 556
8 3 580
35 2 442
5 0 72
56 2 468
38 1 360
33 3 508
55 1 530
40 1 406
20 1 86
28 0 114
59 1 78
47 0 192
10 0 64
5 2 388
24 2 50
1 3 144
14 1 542
60 0 424
34 0 484
32 2 142
6 1 188
3 0 122
1 1 150
55 1 336
36 2 412
22 1 264
3 1 60
17 1 226
19 2 78
7 1 54
32 3 532
24 2 414
23 1 398
43 2 386
7 3 312
47 1 442
39 2 134
60 2 498
54 2 370
3 2 532
60 0 228
26 3 464
47 2 244
38 1 242
58 2 410
56 1 118
39 2 260
2 2 538
17 0 144
31 3 24
34 1 424
34 3 190
51 1 304
33 0 438
36 0 112
34 0 152
55 0 296
25 1 394
31 1 96
21 3 6
7 1 486
59 1 500
35 3 262
55 3 154
51 0 510
13 2 356
60 1 302
60 2 178
46 0 154
56 1 540
12 3 414
62 2 278
23 1 524
60 1 310
13 1 90
32 1 230
57 1 394
9 0 62
39 3 264
33 0 24
15 0 458
3 1 418
21 3 472
16 2 384
22 1 466
59 2 430
18 3 392
27 2 222
8 0 200
48 1 504
49 2 268
40 0 262
16 1 68
25 2 92
2 3 538
52 0 572
23 3 518
55 2 284
34 2 504
39 3 548
41 1 358
16 0 72
42 1 540
30 0 260
46 0 64
60 0 198
22 1 164
0 2 364
51 1 224
21 2 340
3 0 128
13 2 388
58 1 182
6 2 126
10 3 480
18 1 82
53 0 22
38 3 328
36 1 500
59 3 476
14 3 218
45 1 108
31 1 224
22 3 150
1 1 6
55 2 388
44 3 344
5 1 378
1 2 120
54 0 340
8 2 304
50 1 50
4 3 66
37 2 100
0 2 478
18 1 24
14 2 284
1 2 394
45 0 350
35 3 324
37 1 52
6 1 430
12 3 506
36 3 580
32 1 386
51 1 62
10 1 388
17 3 176
33 1 272
32 0 22
33 1 394
39 3 24
35 3 572
6 0 282
28 2 424
2 2 470
60 1 310
44 1 6
32 2 224
2 3 108
35 1 514
5 3 62
33 2 158
7 1 222
24 1 262
20 1 86
8 1 274
39 0 480
15 2 386
58 3 374
33 3 282
2 0 346
20 1 70
1 2 306
30 2 300
53 2 562
58 1 312
22 0 264
59 2 256
47 3 88
30 0 500
44 3 386
58 3 90
8 2 66
59 3 224
5 2 40
39 2 568
42 1 74
54 2 302
58 2 518
3 2 390
45 3 438
6 3 276
28 1 296
8 1 342
36 0 268
27 3 194
28 2 126
43 1 534
59 2 114
32 3 510
22 0 320
42 1 426
41 1 242
57 2 454
8 2 252
8 0 68
63 3 560
58 0 438
10 2 576
23 1 584
38 2 584
44 2 412
28 0 114
39 2 212
51 2 552
8 0 136
42 0 250
59 3 60
40 1 246
18 2 310
5 2 124
22 2 92
18 2 160
4 3 246
54 0 530
26 1 30
17 2 226
9 1 106
36 1 194
59 2 430
57 2 102
6 0 516
18 0 522
29 3 538
56 1 414
6 1 346
32 3 314
2 2 220
12 3 330
21 1 128
40 2 538
57 2 238
37 1 456
62 1 426
48 2 260
60 1 522
50 2 120
34 3 70
32 1 228
53 1 12
24 2 342
1 2 24
49 1 74
28 1 32
58 0 416
47 1 362
47 3 506
62 1 538
27 1 82
55 2 368
5 1 146
3 2 44
50 1 162
59 1 42
36 0 304
2 2 378
52 0 456
2 2 150
23 2 358
51 1 202
22 3 452
