2 00000000 40 2 0000 0000 0228 EACD D189 
2 00000000 49 0 0000 0000 0031 4EA9 B866 
2 00000000 10 2 0000 0000 020A 5BBD B3A3 
2 00000000 11 2 0000 0000 020B AE7E 330C 
2 00000000 48 1 0000 0000 0130 E97D 2FAF 
2 00000000 17 1 0000 0000 0111 03E4 6AAC 
2 00000001 11 2 0000 0001 020B 7571 B2B9 
2 00000000 7 2 0000 0000 0207 48D8 49C7 
2 00000000 44 0 0000 0000 002C 3005 9FAE 
2 00000000 57 1 0000 0000 0139 312D 7911 
2 00000000 61 1 0000 0000 013D F075 BE01 
2 00000000 57 2 0000 0000 0239 82E6 B155 
2 00000000 23 1 0000 0000 0117 2C10 C5CB 
2 00000000 33 1 0000 0000 0121 BF6D 20B3 
2 00000000 50 2 0000 0000 0232 F8A5 DB90 
2 00000000 24 3 0000 0000 0318 8923 A259 
2 00000000 23 0 0000 0000 0017 5AE2 ADEF 
2 00000000 14 1 0000 0000 010E F5AB FFA3 
2 00000000 24 2 0000 0000 0218 F0A2 518A 
2 00000000 1 1 0000 0000 0101 4039 0D0E 
2 00000000 30 2 0000 0000 021E A841 8AB3 
2 00000000 35 1 0000 0000 0123 9DF5 3DAA 
2 00000000 40 0 0000 0000 0028 9ED0 1EA1 
2 00000000 53 0 0000 0000 0035 8D9D 1B78 
2 00000000 41 1 0000 0000 0129 2502 522E 
2 00000000 3 2 0000 0000 0203 68E2 D7A6 
2 00000000 24 1 0000 0000 0118 02D7 B0D3 
2 00000000 41 2 0000 0000 0229 DAFF 10BC 
2 00000000 5 0 0000 0000 0005 1D97 5981 
2 00000000 29 2 0000 0000 021D 3B9F ABE5 
2 00000001 29 2 0000 0001 021D A0F2 08CF 
2 00000001 3 2 0000 0001 0203 EEB1 3A44 
2 00000000 47 1 0000 0000 012F 4DFE 4866 
2 00000000 17 3 0000 0000 0311 5DBC 8A5B 
2 00000000 11 3 0000 0000 030B F40C 4239 
2 00000000 34 1 0000 0000 0122 8848 7C28 
2 00000000 60 2 0000 0000 023C 02C5 C3D3 
2 00000000 38 0 0000 0000 0026 4F93 FAE8 
2 00000000 36 3 0000 0000 0324 437A E9B5 
2 00000000 43 1 0000 0000 012B 546F E8A1 
2 00000000 1 3 0000 0000 0301 CC18 2ABD 
2 00000000 11 1 0000 0000 010B B8C0 7000 
2 00000000 40 1 0000 0000 0128 3DD4 DEBF 
2 00000000 15 0 0000 0000 000F B641 4C14 
2 00000000 20 2 0000 0000 0214 1EA9 0A05 
2 00000000 3 0 0000 0000 0003 90E3 E986 
2 00000000 63 0 0000 0000 003F 9AA5 E595 
2 00000000 32 2 0000 0000 0220 42BA 9864 
2 00000000 6 1 0000 0000 0106 C762 7AD6 
2 00000000 43 3 0000 0000 032B 6D18 DB78 
2 00000000 52 2 0000 0000 0234 507F 5419 
2 00000000 31 1 0000 0000 011F 8EA5 1E98 
2 00000001 60 2 0000 0001 023C 915B 0E69 
2 00000000 21 2 0000 0000 0215 FEAC D68D 
2 00000001 43 1 0000 0001 012B D9EC EC07 
2 00000000 45 1 0000 0000 012D 8F97 9F0D 
2 00000000 15 2 0000 0000 020F E67E B7E2 
2 00000001 17 3 0000 0001 0311 D1BC 7E96 
2 00000001 24 2 0000 0001 0218 9055 8558 
2 00000000 62 1 0000 0000 013E C757 075C 
2 00000000 34 3 0000 0000 0322 4DB1 B706 
2 00000000 35 2 0000 0000 0223 F24A 9F24 
2 00000000 18 0 0000 0000 0012 8B43 16F7 
2 00000001 33 1 0000 0001 0121 E1B9 899C 
2 00000000 25 3 0000 0000 0319 537B 2082 
2 00000000 10 1 0000 0000 010A E489 F6C3 
2 00000000 26 2 0000 0000 021A C3C2 C3FF 
2 00000001 48 1 0000 0001 0130 0FCD 639D 
2 00000000 7 1 0000 0000 0107 BA35 277F 
2 00000000 39 2 0000 0000 0227 9258 81A1 
2 00000000 27 3 0000 0000 031B BB81 B22D 
2 00000000 15 1 0000 0000 010F BBBC 6A19 
2 00000000 13 2 0000 0000 020D F21E 48F8 
2 00000000 62 0 0000 0000 003E 7AC0 0A32 
2 00000002 24 2 0000 0002 0218 EEE9 D97C 
2 00000000 42 2 0000 0000 022A 6DA0 D088 
2 00000001 23 0 0000 0001 0017 993C B003 
2 00000000 59 1 0000 0000 013B AEB9 224F 
2 00000000 27 2 0000 0000 021B E950 D4D1 
2 00000000 2 2 0000 0000 0202 A631 ED79 
2 00000000 49 1 0000 0000 0131 AE8C C04A 
2 00000001 15 1 0000 0001 010F C431 853A 
2 00000000 4 3 0000 0000 0304 EF80 2AE5 
2 00000000 31 2 0000 0000 021F E296 A5DA 
2 00000000 41 3 0000 0000 0329 FEAF C79B 
2 00000000 21 1 0000 0000 0115 CE69 7F11 
2 00000000 3 3 0000 0000 0303 21A0 837A 
2 00000001 10 1 0000 0001 010A CDCE 8378 
2 00000000 39 1 0000 0000 0127 03CC 7773 
2 00000001 26 2 0000 0001 021A 1124 FA18 
2 00000002 60 2 0000 0002 023C 8ED5 C640 
2 00000000 16 1 0000 0000 0110 3D26 2365 
2 00000000 51 3 0000 0000 0333 5738 3715 
2 00000000 28 1 0000 0000 011C 6AE9 645E 
2 00000002 33 1 0000 0002 0121 7FE6 A5EF 
2 00000000 4 0 0000 0000 0004 AFC1 F17C 
2 00000000 62 2 0000 0000 023E C687 2E7C 
2 00000001 41 3 0000 0001 0329 06F3 F063 
2 00000000 10 0 0000 0000 000A DBDB 4A8E 
2 00000000 27 1 0000 0000 011B 6596 C7AC 
2 00000000 44 1 0000 0000 012C 1BF6 042A 
2 00000000 12 1 0000 0000 010C E01D D337 
2 00000000 46 0 0000 0000 002E 7B6F E4D5 
2 00000001 10 0 0000 0001 000A C4D9 271E 
2 00000000 46 1 0000 0000 012E F283 F28A 
2 00000000 13 0 0000 0000 000D CA84 668A 
2 00000000 55 2 0000 0000 0237 63DE 1A7F 
2 00000002 23 0 0000 0002 0017 C131 4AD8 
2 00000001 1 1 0000 0001 0101 3A64 53AC 
2 00000001 57 1 0000 0001 0139 70A9 FC0F 
2 00000000 60 1 0000 0000 013C B5AD 55D5 
2 00000001 45 1 0000 0001 012D C780 411E 
2 00000001 42 2 0000 0001 022A 7722 DADC 
2 00000000 45 3 0000 0000 032D C154 B5FE 
2 00000001 21 2 0000 0001 0215 143A 7720 
2 00000001 39 1 0000 0001 0127 06B0 3DA0 
2 00000000 19 2 0000 0000 0213 2583 D28E 
2 00000000 9 2 0000 0000 0209 AEF8 E3B4 
2 00000001 62 2 0000 0001 023E 8E15 0288 
2 00000001 49 1 0000 0001 0131 5E1C 6E30 
2 00000000 46 2 0000 0000 022E 2F28 2F14 
2 00000000 8 3 0000 0000 0308 E113 AB03 
2 00000001 21 1 0000 0001 0115 661C 199D 
2 00000000 38 1 0000 0000 0126 2395 A65E 
2 00000001 2 2 0000 0001 0202 57FB 4E30 
2 00000000 34 2 0000 0000 0222 2F8E BFB9 
2 00000001 34 2 0000 0001 0222 9C7A 0C6E 
2 00000000 2 1 0000 0000 0102 D816 BBD7 
2 00000001 14 1 0000 0001 010E 282C 15AD 
2 00000000 53 1 0000 0000 0135 3F34 C6C9 
2 00000002 17 3 0000 0002 0311 18F4 45C6 
2 00000001 39 2 0000 0001 0227 2080 8197 
2 00000002 1 1 0000 0002 0101 898B 5149 
2 00000003 24 2 0000 0003 0218 C2D1 EF61 
2 00000000 59 2 0000 0000 023B D4F0 8933 
2 00000000 25 2 0000 0000 0219 AE5D 1673 
2 00000000 37 2 0000 0000 0225 FEB4 D384 
2 00000000 50 0 0000 0000 0032 309B 6CA8 
2 00000000 8 1 0000 0000 0108 BEE7 CA6B 
2 00000000 30 1 0000 0000 011E 6C63 E8C1 
2 00000000 56 2 0000 0000 0238 DF03 1FB8 
2 00000002 41 3 0000 0002 0329 04D3 D2BE 
2 00000000 3 1 0000 0000 0103 6634 E913 
2 00000001 25 3 0000 0001 0319 6CD9 3464 
2 00000000 53 3 0000 0000 0335 AC02 D00E 
2 00000001 45 3 0000 0001 032D 9EA6 6EB2 
2 00000000 12 2 0000 0000 020C B93B 993E 
2 00000000 12 3 0000 0000 030C 4D66 C2F2 
2 00000000 45 2 0000 0000 022D 023D F6E7 
2 00000001 7 1 0000 0001 0107 5FBD F449 
2 00000000 50 1 0000 0000 0132 853E 71D8 
2 00000001 11 1 0000 0001 010B AB03 6104 
2 00000001 59 1 0000 0001 013B D756 3C04 
2 00000000 5 3 0000 0000 0305 371F BE01 
2 00000000 5 1 0000 0000 0105 78FE 8F50 
2 00000000 15 3 0000 0000 030F 849E CA7B 
2 00000001 27 1 0000 0001 011B FF17 9CC9 
2 00000001 27 3 0000 0001 031B E94E 08F9 
2 00000000 47 3 0000 0000 032F B728 47AE 
2 00000000 20 1 0000 0000 0114 E3E1 9E62 
2 00000001 12 2 0000 0001 020C BE97 9A41 
2 00000000 8 0 0000 0000 0008 967F C6E9 
2 00000002 21 2 0000 0002 0215 8055 F834 
2 00000001 8 1 0000 0001 0108 7E77 292C 
2 00000000 48 3 0000 0000 0330 EB55 C96E 
2 00000001 47 3 0000 0001 032F 2094 B0AB 
2 00000001 57 2 0000 0001 0239 F209 FF55 
2 00000001 61 1 0000 0001 013D 956D 4B25 
2 00000001 5 1 0000 0001 0105 A316 D436 
2 00000001 17 1 0000 0001 0111 E41A 4746 
2 00000000 11 0 0000 0000 000B C594 7AFA 
2 00000000 49 2 0000 0000 0231 5B41 FA14 
2 00000000 44 2 0000 0000 022C 74EB E106 
2 00000000 38 2 0000 0000 0226 BEE3 0BCD 
2 00000001 50 1 0000 0001 0132 EEC7 5224 
2 00000001 38 2 0000 0001 0226 038A 0140 
2 00000002 12 2 0000 0002 020C C4E8 9E16 
2 00000002 11 1 0000 0002 010B 1CC8 C7F1 
2 00000001 11 0 0000 0001 000B D5DE 7B43 
2 00000000 58 1 0000 0000 013A 5149 BEA1 
2 00000000 16 2 0000 0000 0210 6053 F23A 
2 00000000 9 1 0000 0000 0109 8401 7F19 
2 00000000 13 3 0000 0000 030D 655C F9A8 
2 00000001 19 2 0000 0001 0213 DEA5 7D02 
2 00000000 50 3 0000 0000 0332 F043 56C8 
2 00000001 36 3 0000 0001 0324 B55E 7AC8 
2 00000000 57 3 0000 0000 0339 432B CC9E 
2 00000002 15 1 0000 0002 010F 59C9 9FB0 
2 00000003 23 0 0000 0003 0017 71BD 4046 
2 00000000 5 2 0000 0000 0205 008B 3B5B 
2 00000000 10 3 0000 0000 030A 113D 1415 
2 00000000 14 2 0000 0000 020E 5295 A52F 
2 00000000 51 1 0000 0000 0133 D316 EE8F 
2 00000001 35 2 0000 0001 0223 045C EAFE 
2 00000000 1 2 0000 0000 0201 EE34 015F 
2 00000001 55 2 0000 0001 0237 693A 005C 
2 00000001 53 0 0000 0001 0035 FD11 17BA 
2 00000004 24 2 0000 0004 0218 7863 100C 
2 00000001 8 0 0000 0001 0008 F312 6E6A 
2 00000000 23 2 0000 0000 0217 EC5B 9384 
2 00000001 59 2 0000 0001 023B 3485 84A6 
2 00000000 52 1 0000 0000 0134 5F6D 20DB 
2 00000000 36 2 0000 0000 0224 E35C 8668 
2 00000000 22 3 0000 0000 0316 4549 04E2 
2 00000001 51 1 0000 0001 0133 AAB2 8726 
2 00000002 26 2 0000 0002 021A 8725 C51C 
2 00000001 50 2 0000 0001 0232 E200 760F 
2 00000000 18 2 0000 0000 0212 D516 3973 
2 00000000 42 1 0000 0000 012A 54A5 073E 
2 00000000 17 2 0000 0000 0211 9037 ABCD 
2 00000001 1 2 0000 0001 0201 9423 3BD0 
2 00000003 21 2 0000 0003 0215 7D53 1975 
2 00000002 45 1 0000 0002 012D 929F 7032 
2 00000001 36 2 0000 0001 0224 25ED 23E5 
2 00000001 40 2 0000 0001 0228 FC73 38B5 
2 00000001 4 3 0000 0001 0304 6C94 D4E1 
2 00000001 7 2 0000 0001 0207 F97B 055E 
2 00000000 7 0 0000 0000 0007 6982 11D1 
2 00000002 43 1 0000 0002 012B 29B4 9E0F 
2 00000000 26 1 0000 0000 011A 0830 BC23 
2 00000000 2 0 0000 0000 0002 ABB2 1A4E 
2 00000000 14 0 0000 0000 000E D30A 6859 
2 00000002 17 1 0000 0002 0111 5BB2 C67F 
2 00000000 16 3 0000 0000 0310 4C04 85C3 
2 00000000 54 2 0000 0000 0236 3286 4812 
2 00000000 41 0 0000 0000 0029 FDA2 BC88 
2 00000001 17 2 0000 0001 0211 A092 0A94 
2 00000000 51 2 0000 0000 0233 2D22 E483 
2 00000001 12 3 0000 0001 030C 5487 440E 
2 00000000 28 3 0000 0000 031C 84ED 255A 
2 00000002 11 2 0000 0002 020B 60FF 2638 
2 00000000 53 2 0000 0000 0235 3762 4E9C 
2 00000002 59 1 0000 0002 013B 213D D090 
2 00000001 52 1 0000 0001 0134 0E86 A985 
2 00000000 19 0 0000 0000 0013 5D29 16FC 
2 00000000 4 1 0000 0000 0104 38F1 FFA0 
2 00000000 23 3 0000 0000 0317 1073 8D28 
2 00000002 55 2 0000 0002 0237 BCE9 AB23 
2 00000000 42 0 0000 0000 002A E2B8 9CAC 
2 00000003 11 1 0000 0003 010B 030D 6C71 
2 00000001 41 0 0000 0001 0029 DEAE EBB9 
2 00000000 12 0 0000 0000 000C 5FA9 190E 
2 00000002 2 2 0000 0002 0202 EC4F B3B1 
2 00000003 55 2 0000 0003 0237 042B 91DF 
2 00000000 26 3 0000 0000 031A C6DA 9E52 
2 00000001 26 1 0000 0001 011A BDA3 266E 
2 00000000 37 0 0000 0000 0025 E6AE 8A37 
2 00000003 1 1 0000 0003 0101 846A FC49 
2 00000002 59 2 0000 0002 023B DEE3 9EA0 
2 00000001 42 1 0000 0001 012A 6E36 26DB 
2 00000001 1 3 0000 0001 0301 8D6A FB33 
2 00000002 27 1 0000 0002 011B 4E73 6EC8 
2 00000000 55 3 0000 0000 0337 754B B651 
2 00000000 39 0 0000 0000 0027 07CB EB6D 
2 00000002 7 2 0000 0002 0207 B643 B90D 
2 00000000 22 1 0000 0000 0116 98CD 64E4 
2 00000001 52 2 0000 0001 0234 7F34 8A6F 
2 00000001 24 1 0000 0001 0118 93CC 6735 
2 00000000 21 3 0000 0000 0315 812D 83BC 
2 00000003 60 2 0000 0003 023C 24BC 5B88 
2 00000000 31 3 0000 0000 031F 36FF C2F5 
2 00000001 9 1 0000 0001 0109 67B8 B8E5 
2 00000001 53 1 0000 0001 0135 90F1 8EF8 
2 00000001 51 2 0000 0001 0233 9C3C FC10 
2 00000000 28 2 0000 0000 021C 4936 C6A0 
2 00000002 57 1 0000 0002 0139 A957 654F 
2 00000000 24 0 0000 0000 0018 C969 8722 
2 00000000 43 0 0000 0000 002B 56A2 05BC 
2 00000002 17 2 0000 0002 0211 A2A0 2BEB 
2 00000000 58 0 0000 0000 003A CD73 F798 
2 00000001 46 2 0000 0001 022E 3903 F63C 
2 00000001 46 1 0000 0001 012E 5DA5 2244 
2 00000002 38 2 0000 0002 0226 354B F588 
2 00000001 14 2 0000 0001 020E A42C FDEB 
2 00000002 39 1 0000 0002 0127 3297 499E 
2 00000002 53 0 0000 0002 0035 1701 B088 
2 00000001 32 2 0000 0001 0220 45ED 00D3 
2 00000001 22 3 0000 0001 0316 9A79 971D 
2 00000000 48 2 0000 0000 0230 7BB4 09B2 
2 00000001 27 2 0000 0001 021B 83C9 C00A 
2 00000000 56 3 0000 0000 0338 268F FCF5 
2 00000002 11 0 0000 0002 000B AA87 FC49 
2 00000000 37 3 0000 0000 0325 2598 234C 
2 00000001 23 1 0000 0001 0117 8AC3 6E4F 
2 00000000 61 0 0000 0000 003D 1222 A7EB 
2 00000000 63 1 0000 0000 013F 0247 8835 
2 00000000 48 0 0000 0000 0030 C7F2 BEC3 
2 00000001 58 1 0000 0001 013A AEC4 4DA5 
2 00000001 12 1 0000 0001 010C 9B9C 2FFD 
2 00000000 63 3 0000 0000 033F DEDB 345B 
2 00000003 39 1 0000 0003 0127 5866 8C98 
2 00000001 41 2 0000 0001 0229 8457 89B4 
2 00000002 1 2 0000 0002 0201 F3D5 D998 
2 00000002 32 2 0000 0002 0220 A89E B51A 
2 00000000 57 0 0000 0000 0039 AB6B C144 
2 00000003 53 0 0000 0003 0035 F387 D4A6 
2 00000003 12 2 0000 0003 020C 860A 6108 
2 00000000 56 0 0000 0000 0038 4890 A1FB 
2 00000001 49 2 0000 0001 0231 5BDB 5509 
2 00000002 19 2 0000 0002 0213 0DB7 B60C 
2 00000001 16 1 0000 0001 0110 CA4F 39EE 
2 00000001 23 2 0000 0001 0217 3C44 961D 
2 00000002 26 1 0000 0002 011A CBF2 3E59 
2 00000001 13 2 0000 0001 020D 7766 62E2 
2 00000002 36 2 0000 0002 0224 BD12 33B7 
2 00000000 47 2 0000 0000 022F 8465 A2AC 
2 00000001 14 0 0000 0001 000E CF1B 6A41 
2 00000001 19 0 0000 0001 0013 7432 89F6 
2 00000000 8 2 0000 0000 0208 0543 EA6E 
2 00000003 43 1 0000 0003 012B DC37 6162 
2 00000000 56 1 0000 0000 0138 00D6 196B 
2 00000000 25 1 0000 0000 0119 8435 8EAB 
2 00000002 34 2 0000 0002 0222 CDB3 62EE 
2 00000001 53 3 0000 0001 0335 93F3 322E 
2 00000001 15 2 0000 0001 020F F538 6114 
2 00000001 10 3 0000 0001 030A 69C1 6AF2 
2 00000000 33 0 0000 0000 0021 4E4D A377 
2 00000003 11 2 0000 0003 020B 7DC0 8D20 
2 00000002 61 1 0000 0002 013D 75AE 74B0 
2 00000001 28 3 0000 0001 031C E6B1 9915 
2 00000000 39 3 0000 0000 0327 0BB8 508A 
2 00000000 6 0 0000 0000 0006 4654 9F2C 
2 00000002 23 2 0000 0002 0217 4B83 615D 
2 00000001 45 2 0000 0001 022D 7AB7 315D 
2 00000002 46 1 0000 0002 012E E31B C856 
2 00000002 10 1 0000 0002 010A 94D8 D8A8 
2 00000001 48 2 0000 0001 0230 9834 03C6 
2 00000000 36 1 0000 0000 0124 5811 FA6B 
2 00000001 35 1 0000 0001 0123 D05F E8DF 
2 00000000 18 3 0000 0000 0312 7E5A 2CFC 
2 00000001 16 2 0000 0001 0210 8197 3CE0 
2 00000001 54 2 0000 0001 0236 D8B3 655C 
2 00000002 21 1 0000 0002 0115 4CB7 7802 
2 00000003 2 2 0000 0003 0202 1035 D621 
2 00000001 42 0 0000 0001 002A 5E97 54B9 
2 00000001 9 2 0000 0001 0209 7FCD AF94 
2 00000000 55 0 0000 0000 0037 D6B7 2443 
2 00000000 58 3 0000 0000 033A BC40 5665 
2 00000000 1 0 0000 0000 0001 6854 D24D 
2 00000001 56 2 0000 0001 0238 A88E 8000 
2 00000002 52 1 0000 0002 0134 6317 4C89 
2 00000000 22 2 0000 0000 0216 4DAE DC01 
2 00000001 5 2 0000 0001 0205 097F B03E 
2 00000002 54 2 0000 0002 0236 46FE B50E 
2 00000003 61 1 0000 0003 013D 975D 28BF 
2 00000001 28 1 0000 0001 011C 3A8D E01A 
2 00000000 43 2 0000 0000 022B 694C 5208 
2 00000003 57 1 0000 0003 0139 E55F 488D 
2 00000002 42 2 0000 0002 022A 7133 EA3A 
2 00000001 36 1 0000 0001 0124 F4FE 6C4A 
2 00000000 37 1 0000 0000 0125 8F20 47B8 
2 00000001 47 1 0000 0001 012F CF3E 0EEF 
2 00000002 27 3 0000 0002 031B 502F C637 
2 00000003 34 2 0000 0003 0222 6A95 C89F 
2 00000001 4 0 0000 0001 0004 DA14 E41F 
2 00000003 7 2 0000 0003 0207 6C90 9E5E 
2 00000002 15 2 0000 0002 020F BF92 906A 
2 00000001 3 3 0000 0001 0303 E406 9CD8 
2 00000000 16 0 0000 0000 0010 8F83 B869 
2 00000000 25 0 0000 0000 0019 B6A9 FECC 
2 00000001 47 2 0000 0001 022F BF96 7C37 
2 00000001 30 2 0000 0001 021E 2438 8DDE 
2 00000001 15 3 0000 0001 030F A61A C783 
2 00000001 22 1 0000 0001 0116 8AF8 3CB1 
2 00000002 14 2 0000 0002 020E 7221 7C09 
2 00000002 14 1 0000 0002 010E C108 6BFE 
2 00000002 42 1 0000 0002 012A 4639 690D 
2 00000000 4 2 0000 0000 0204 6259 2BCC 
2 00000001 5 0 0000 0001 0005 CDD5 0B60 
2 00000001 31 2 0000 0001 021F 4ECB 4D7C 
2 00000000 47 0 0000 0000 002F A018 514B 
2 00000002 50 2 0000 0002 0232 CCE7 E505 
2 00000001 20 1 0000 0001 0114 802C 4BF8 
2 00000001 44 2 0000 0001 022C 5575 CABA 
2 00000001 31 3 0000 0001 031F 5948 4F28 
2 00000001 20 2 0000 0001 0214 5CDE E702 
2 00000002 46 2 0000 0002 022E BA36 ED77 
2 00000001 43 2 0000 0001 022B 6612 8C01 
2 00000001 43 0 0000 0001 002B 81FB BDCD 
2 00000002 49 2 0000 0002 0231 0807 0BA9 
2 00000000 9 0 0000 0000 0009 1433 A668 
2 00000004 43 1 0000 0004 012B 72D3 FE94 
2 00000003 15 1 0000 0003 010F EEEE F533 
2 00000002 29 2 0000 0002 021D D4D4 81D5 
2 00000000 19 1 0000 0000 0113 C944 E414 
2 00000003 32 2 0000 0003 0220 F7B8 0CDB 
2 00000002 20 1 0000 0002 0114 B15F 38EC 
2 00000002 23 1 0000 0002 0117 484A 0C8C 
2 00000000 6 3 0000 0000 0306 7C8A 0F59 
2 00000004 11 1 0000 0004 010B 628B 520E 
2 00000003 42 2 0000 0003 022A B5C8 C5DC 
2 00000003 14 2 0000 0003 020E 4979 CCF8 
2 00000000 54 0 0000 0000 0036 FADC 987B 
2 00000004 53 0 0000 0004 0035 74F0 182F 
2 00000003 19 2 0000 0003 0213 19D2 81DA 
2 00000002 53 3 0000 0002 0335 C559 72EB 
2 00000001 44 1 0000 0001 012C 4E6E CFBF 
2 00000003 17 1 0000 0003 0111 49AF 83D2 
2 00000001 38 1 0000 0001 0126 0A3C CF45 
2 00000001 60 1 0000 0001 013C 2D47 2692 
2 00000003 23 2 0000 0003 0217 D87B EFC3 
2 00000002 4 0 0000 0002 0004 0035 C24E 
2 00000000 20 0 0000 0000 0014 96DF E4B4 
2 00000002 28 1 0000 0002 011C E575 C9C5 
2 00000003 36 2 0000 0003 0224 E617 C856 
2 00000002 48 1 0000 0002 0130 4E83 20BC 
2 00000002 56 2 0000 0002 0238 9200 64D3 
2 00000002 44 2 0000 0002 022C 6302 178D 
2 00000004 36 2 0000 0004 0224 94A3 3BE0 
2 00000002 12 1 0000 0002 010C 310F 5A90 
2 00000002 51 2 0000 0002 0233 BDA1 E55F 
2 00000000 33 2 0000 0000 0221 76AF 2606 
2 00000001 30 1 0000 0001 011E 25E5 795E 
2 00000003 59 1 0000 0003 013B 4969 E006 
2 00000002 48 2 0000 0002 0230 FF9E 1D10 
2 00000001 62 1 0000 0001 013E CFEB 88F3 
2 00000003 53 3 0000 0003 0335 339A B365 
2 00000004 2 2 0000 0004 0202 9BEB 0ACC 
2 00000004 17 1 0000 0004 0111 5403 637E 
2 00000002 52 2 0000 0002 0234 FF6D 57B8 
2 00000000 58 2 0000 0000 023A 7123 BD9A 
2 00000001 37 1 0000 0001 0125 9BDF 37ED 
2 00000001 18 2 0000 0001 0212 30A0 E7CC 
2 00000000 52 0 0000 0000 0034 C3F2 AE1F 
2 00000000 6 2 0000 0000 0206 6541 A8BC 
2 00000001 7 0 0000 0001 0007 65E4 5ADB 
2 00000001 38 0 0000 0001 0026 7079 1BE1 
2 00000001 51 3 0000 0001 0333 52B9 1043 
2 00000001 8 2 0000 0001 0208 BA08 A65A 
2 00000001 16 3 0000 0001 0310 663B 7703 
2 00000003 48 2 0000 0003 0230 B329 69B9 
2 00000004 55 2 0000 0004 0237 3704 846A 
2 00000001 4 2 0000 0001 0204 53A9 ADD8 
2 00000003 38 2 0000 0003 0226 5DF0 7975 
2 00000002 22 3 0000 0002 0316 701E 1D61 
2 00000002 15 3 0000 0002 030F BB64 62F9 
2 00000000 13 1 0000 0000 010D 40CE 1C73 
2 00000000 27 0 0000 0000 001B 173B 53F5 
2 00000005 36 2 0000 0005 0224 3E87 0F94 
2 00000003 12 1 0000 0003 010C 7BB3 92C7 
2 00000000 0 0 0000 0000 0000 B727 5C7A 
2 00000003 45 1 0000 0003 012D 6C41 E0B2 
2 00000002 10 3 0000 0002 030A 9472 DAAA 
2 00000000 20 3 0000 0000 0314 2F27 8D48 
2 00000002 38 1 0000 0002 0126 A207 41F8 
2 00000001 3 1 0000 0001 0103 A882 99A2 
2 00000002 9 1 0000 0002 0109 0E33 4057 
2 00000002 30 2 0000 0002 021E E8CD C1E5 
2 00000001 4 1 0000 0001 0104 C089 47E2 
2 00000001 57 0 0000 0001 0039 B923 DACE 
2 00000002 53 1 0000 0002 0135 68E7 0F34 
2 00000001 41 1 0000 0001 0129 AECD 4FBC 
2 00000003 27 3 0000 0003 031B B4F2 C2E9 
2 00000005 2 2 0000 0005 0202 B1B3 A5AD 
2 00000002 47 2 0000 0002 022F 486A 266D 
2 00000002 60 1 0000 0002 013C B7CF 3AC5 
2 00000001 9 0 0000 0001 0009 33E1 D89A 
2 00000001 5 3 0000 0001 0305 EB6A 0472 
2 00000001 22 2 0000 0001 0216 4E6F FA8D 
2 00000003 52 1 0000 0003 0134 F5E1 FBC1 
2 00000005 24 2 0000 0005 0218 8CD4 7E14 
2 00000002 41 2 0000 0002 0229 D07E 3417 
2 00000001 37 3 0000 0001 0325 57CD 15AB 
2 00000003 10 3 0000 0003 030A A7D3 1309 
2 00000002 27 2 0000 0002 021B 8B0F 8E43 
2 00000003 53 1 0000 0003 0135 0264 4ED0 
2 00000001 13 0 0000 0001 000D 5661 7AB4 
2 00000002 50 1 0000 0002 0132 CBC3 BA2E 
2 00000001 57 3 0000 0001 0339 5612 390B 
2 00000003 20 1 0000 0003 0114 1F61 A725 
2 00000002 3 1 0000 0002 0103 5DA5 E4A2 
2 00000003 15 3 0000 0003 030F E134 1031 
2 00000002 16 2 0000 0002 0210 1D6A 02F4 
2 00000002 30 1 0000 0002 011E 0C71 9BD6 
2 00000000 32 1 0000 0000 0120 13A5 438E 
2 00000002 13 0 0000 0002 000D 6B65 BB0C 
2 00000004 59 1 0000 0004 013B 10F5 2227 
2 00000003 14 1 0000 0003 010E 464D 24D7 
2 00000002 8 0 0000 0002 0008 5F47 647D 
2 00000004 1 1 0000 0004 0101 EA4D 9F04 
2 00000002 37 1 0000 0002 0125 4839 3A6E 
2 00000003 30 2 0000 0003 021E E8DA CDB2 
2 00000002 35 1 0000 0002 0123 3545 77D7 
2 00000003 47 2 0000 0003 022F B420 B75D 
2 00000003 27 2 0000 0003 021B 631C 9BD2 
2 00000001 46 0 0000 0001 002E 7B15 B443 
2 00000001 62 0 0000 0001 003E AF8C 19E9 
2 00000000 21 0 0000 0000 0015 DF23 9A1C 
2 00000004 38 2 0000 0004 0226 405F B8B9 
2 00000000 46 3 0000 0000 032E 4BF6 F870 
2 00000000 61 3 0000 0000 033D 8E9B 220A 
2 00000003 59 2 0000 0003 023B 372B 5EA7 
2 00000001 27 0 0000 0001 001B F898 9A63 
2 00000001 39 0 0000 0001 0027 A16A 4019 
2 00000002 5 1 0000 0002 0105 9B68 574C 
2 00000000 52 3 0000 0000 0334 D5A5 8B7B 
2 00000002 51 3 0000 0002 0333 4260 BDB5 
2 00000000 60 3 0000 0000 033C DD39 D60A 
2 00000000 55 1 0000 0000 0137 FA76 ABED 
2 00000003 29 2 0000 0003 021D 7F16 355E 
2 00000002 62 0 0000 0002 003E 12EF D4A6 
2 00000004 19 2 0000 0004 0213 304F 890C 
2 00000003 8 0 0000 0003 0008 AA88 C569 
2 00000000 0 2 0000 0000 0200 9D2A DE6D 
2 00000000 34 0 0000 0000 0022 7A0E FABD 
2 00000004 52 1 0000 0004 0134 3924 3FE8 
2 00000002 28 3 0000 0002 031C 25D4 034F 
2 00000003 23 1 0000 0003 0117 2160 AC87 
2 00000003 49 2 0000 0003 0231 F46F AAC9 
2 00000003 5 1 0000 0003 0105 395B F1EA 
2 00000001 26 3 0000 0001 031A AC69 34DD 
2 00000001 55 1 0000 0001 0137 468B 4BAD 
2 00000001 56 0 0000 0001 0038 1E07 E33A 
2 00000004 29 2 0000 0004 021D CEFD 42FB 
2 00000002 16 1 0000 0002 0110 AF17 2F58 
2 00000004 53 3 0000 0004 0335 5FFE 297F 
2 00000001 24 0 0000 0001 0018 FBDF 5E7E 
2 00000001 24 3 0000 0001 0318 B5AE 09F2 
2 00000003 38 1 0000 0003 0126 A138 8983 
2 00000001 34 0 0000 0001 0022 6FCC 394C 
2 00000002 62 2 0000 0002 023E 1EEB 89D8 
2 00000001 18 0 0000 0001 0012 E953 D861 
2 00000001 16 0 0000 0001 0010 0EC9 784A 
2 00000000 59 0 0000 0000 003B BA47 2EAE 
2 00000001 37 2 0000 0001 0225 655C 4B6E 
2 00000002 47 1 0000 0002 012F A59C 7F6D 
2 00000003 51 2 0000 0003 0233 92A9 2BFD 
2 00000000 60 0 0000 0000 003C BD6D 46DE 
2 00000002 4 2 0000 0002 0204 0179 D490 
2 00000006 36 2 0000 0006 0224 14D4 BC13 
2 00000002 39 2 0000 0002 0227 AA36 C726 
2 00000001 58 3 0000 0001 033A 6737 0430 
2 00000001 6 2 0000 0001 0206 8586 3418 
2 00000000 54 1 0000 0000 0136 2DB6 0226 
2 00000002 3 2 0000 0002 0203 FA9E 9B45 
2 00000004 21 2 0000 0004 0215 9885 CFF2 
2 00000000 33 3 0000 0000 0321 A525 7D09 
2 00000001 56 1 0000 0001 0138 276C 7ED0 
2 00000002 45 2 0000 0002 022D 4B23 E758 
2 00000002 7 1 0000 0002 0107 0690 714C 
2 00000002 6 2 0000 0002 0206 2C7E 3CBF 
2 00000000 51 0 0000 0000 0033 C143 A51B 
2 00000003 17 2 0000 0003 0211 4273 1524 
2 00000003 21 1 0000 0003 0115 D2D3 F70C 
2 00000005 21 2 0000 0005 0215 BEDC 45CF 
2 00000003 33 1 0000 0003 0121 CFBC F368 
2 00000001 34 1 0000 0001 0122 1DFB 93C5 
2 00000003 4 2 0000 0003 0204 CBD0 1F78 
2 00000001 6 0 0000 0001 0006 6FAD 667B 
2 00000002 5 2 0000 0002 0205 B8A2 C816 
2 00000001 55 3 0000 0001 0337 9FC6 134B 
2 00000005 19 2 0000 0005 0213 1DC7 E031 
2 00000001 53 2 0000 0001 0235 87E8 EA1B 
2 00000003 26 1 0000 0003 011A 0B3F CB26 
2 00000001 2 0 0000 0001 0002 42A9 8D72 
2 00000002 12 3 0000 0002 030C D7A1 C5F0 
2 00000004 8 0 0000 0004 0008 5445 E142 
2 00000003 45 2 0000 0003 022D 3938 CB67 
2 00000004 21 1 0000 0004 0115 1A37 9DC8 
2 00000002 62 1 0000 0002 013E 3D1B BA91 
2 00000000 29 0 0000 0000 001D B5FD 2C52 
2 00000006 2 2 0000 0006 0202 D31C 3B92 
2 00000002 9 2 0000 0002 0209 F3CC 1CAB 
2 00000001 51 0 0000 0001 0033 B344 247C 
2 00000001 63 1 0000 0001 013F AB59 7905 
2 00000004 27 2 0000 0004 021B 74FE 81D9 
2 00000003 62 1 0000 0003 013E D6D2 8450 
2 00000004 45 1 0000 0004 012D 4043 DE94 
2 00000000 29 1 0000 0000 011D 9FD1 7331 
2 00000004 30 2 0000 0004 021E 9DD5 8186 
2 00000000 26 0 0000 0000 001A 75B7 E06B 
2 00000002 56 0 0000 0002 0038 ABB8 531C 
2 00000004 12 1 0000 0004 010C 3590 A613 
2 00000004 53 1 0000 0004 0135 9CD3 351C 
2 00000001 50 3 0000 0001 0332 2BC2 7BB3 
2 00000001 33 2 0000 0001 0221 2E4B 255D 
2 00000002 58 1 0000 0002 013A 532F B7E8 
2 00000004 32 2 0000 0004 0220 094D 63A7 
2 00000003 30 1 0000 0003 011E 936C 0933 
2 00000005 43 1 0000 0005 012B B875 B180 
2 00000001 10 2 0000 0001 020A 0320 73D0 
2 00000002 24 1 0000 0002 0118 3431 E300 
2 00000004 60 2 0000 0004 023C 4902 993B 
2 00000002 24 0 0000 0002 0018 6422 4065 
2 00000002 10 2 0000 0002 020A 9D1E BCDE 
2 00000002 39 0 0000 0002 0027 6FB4 3FEB 
2 00000001 1 0 0000 0001 0001 5153 0DC1 
2 00000002 8 2 0000 0002 0208 94AD EDCC 
2 00000004 30 1 0000 0004 011E 40A6 FFCC 
2 00000003 26 2 0000 0003 021A A725 B3D2 
2 00000001 3 0 0000 0001 0003 DD3F 43EE 
2 00000005 11 1 0000 0005 010B A04C 92A6 
2 00000001 40 1 0000 0001 0128 006B 7EC3 
2 00000001 60 0 0000 0001 003C 0A4B 4BC3 
2 00000002 41 1 0000 0002 0129 030D 0953 
2 00000004 5 1 0000 0004 0105 0D68 3D83 
2 00000003 9 1 0000 0003 0109 0A70 8A60 
2 00000000 18 1 0000 0000 0112 CCEF 1B02 
2 00000000 14 3 0000 0000 030E 1B02 EC73 
2 00000001 56 3 0000 0001 0338 1A3A 0A1B 
2 00000000 40 3 0000 0000 0328 15ED 44F9 
2 00000003 12 3 0000 0003 030C 930E 80B8 
2 00000001 21 0 0000 0001 0015 C85D CAE7 
2 00000002 34 0 0000 0002 0022 006A 8A88 
2 00000001 19 1 0000 0001 0113 83A3 EF22 
2 00000002 37 2 0000 0002 0225 9E23 27F9 
2 00000001 28 2 0000 0001 021C 3E7E 2BB1 
2 00000003 11 0 0000 0003 000B 59B6 564D 
2 00000004 38 1 0000 0004 0126 B69F 6C91 
2 00000003 10 2 0000 0003 020A 571D 5D66 
2 00000002 43 2 0000 0002 022B FCFD 1C8C 
2 00000002 37 3 0000 0002 0325 A47F 797C 
2 00000006 43 1 0000 0006 012B 1650 88C8 
2 00000003 10 1 0000 0003 010A 4607 5FC2 
2 00000002 41 0 0000 0002 0029 E81D 06FD 
2 00000001 32 1 0000 0001 0120 CED8 0848 
2 00000004 39 1 0000 0004 0127 F17B E350 
2 00000001 25 2 0000 0001 0219 8CCE 7EAA 
2 00000001 46 3 0000 0001 032E 5EB9 DD35 
2 00000004 26 1 0000 0004 011A 2091 5396 
2 00000007 36 2 0000 0007 0224 6256 505D 
2 00000001 0 2 0000 0001 0200 54DA 2C6D 
2 00000004 62 1 0000 0004 013E 86E8 538A 
2 00000003 56 2 0000 0003 0238 EB1B FC11 
2 00000004 14 2 0000 0004 020E BCCC 074D 
2 00000002 32 1 0000 0002 0120 997C F9B7 
2 00000001 40 3 0000 0001 0328 292F E6FA 
2 00000002 47 3 0000 0002 032F C8B6 A111 
2 00000003 32 1 0000 0003 0120 DB2C 3007 
2 00000001 44 0 0000 0001 002C 66B2 E73B 
2 00000003 41 1 0000 0003 0129 B4B2 FD10 
2 00000004 48 2 0000 0004 0230 44F1 E6FD 
2 00000005 55 2 0000 0005 0237 AEFC 9AE5 
2 00000002 9 0 0000 0002 0009 0A2A E2C6 
2 00000002 18 0 0000 0002 0012 749A 9648 
2 00000001 48 3 0000 0001 0330 4873 3622 
2 00000002 22 1 0000 0002 0116 0906 D30F 
2 00000005 53 1 0000 0005 0135 13B4 5550 
2 00000005 60 2 0000 0005 023C 6DE5 8B10 
2 00000002 42 0 0000 0002 002A 4112 36AC 
2 00000003 24 1 0000 0003 0118 EB51 C96B 
2 00000002 6 0 0000 0002 0006 1A0D 463F 
2 00000003 60 1 0000 0003 013C CD47 FED0 
2 00000003 7 1 0000 0003 0107 7D81 6832 
2 00000000 62 3 0000 0000 033E BFBE BDE0 
2 00000004 14 1 0000 0004 010E B7EC DDC3 
2 00000002 50 3 0000 0002 0332 9BD5 0067 
2 00000006 11 1 0000 0006 010B 6327 47F6 
2 00000001 49 0 0000 0001 0031 A269 870E 
2 00000003 15 2 0000 0003 020F 75F0 6A03 
2 00000002 58 3 0000 0002 033A 886A 3224 
2 00000003 9 2 0000 0003 0209 FAD0 A586 
2 00000004 11 2 0000 0004 020B 4563 0B48 
2 00000002 19 1 0000 0002 0113 53FD A1E0 
2 00000007 2 2 0000 0007 0202 42CD EFF6 
2 00000003 47 1 0000 0003 012F 2415 3090 
2 00000005 26 1 0000 0005 011A 4BBC 2EB8 
2 00000003 46 2 0000 0003 022E 851A F806 
2 00000002 31 2 0000 0002 021F 729D 302E 
2 00000000 44 3 0000 0000 032C 977D 05C4 
2 00000002 55 1 0000 0002 0137 2FFC 35C3 
2 00000000 9 3 0000 0000 0309 5745 61C2 
2 00000004 15 2 0000 0004 020F ADA1 CDFA 
2 00000003 50 2 0000 0003 0232 896A 873D 
2 00000001 59 0 0000 0001 003B 59EF BF3E 
2 00000003 48 1 0000 0003 0130 F431 F398 
2 00000001 31 1 0000 0001 011F 6D7A C8EC 
2 00000001 43 3 0000 0001 032B FC0B 79D9 
2 00000003 13 0 0000 0003 000D 7941 8B1C 
2 00000002 13 2 0000 0002 020D E3B1 5350 
2 00000003 39 2 0000 0003 0227 2BF4 D9C8 
2 00000000 49 3 0000 0000 0331 1DD2 3B94 
2 00000002 59 0 0000 0002 003B 5AA9 656D 
2 00000003 24 0 0000 0003 0018 6FAC 9F8C 
2 00000001 29 1 0000 0001 011D 0F68 69F2 
2 00000005 59 1 0000 0005 013B 7903 74DB 
2 00000003 37 3 0000 0003 0325 EE44 5D52 
2 00000004 15 3 0000 0004 030F B637 8C93 
2 00000004 24 0 0000 0004 0018 DA1E 15A7 
2 00000000 0 1 0000 0000 0100 7C4E 92C0 
2 00000000 59 3 0000 0000 033B BBBD FF6F 
2 00000004 46 2 0000 0004 022E E573 0B9E 
2 00000005 46 2 0000 0005 022E D47A BC9F 
2 00000003 41 2 0000 0003 0229 DAAD 7717 
2 00000004 4 2 0000 0004 0204 E7BE A40E 
2 00000003 44 2 0000 0003 022C F2F8 6619 
2 00000003 13 2 0000 0003 020D FDEA 9707 
2 00000006 46 2 0000 0006 022E CD5A D1AB 
2 00000003 37 2 0000 0003 0225 6103 C14A 
2 00000004 13 0 0000 0004 000D 3F07 BBD0 
2 00000006 60 2 0000 0006 023C 8871 D48B 
2 00000003 51 3 0000 0003 0333 F5A4 A7B6 
2 00000002 3 0 0000 0002 0003 0B07 0686 
2 00000002 25 2 0000 0002 0219 3CC0 9B01 
2 00000004 17 2 0000 0004 0211 8526 2F26 
2 00000005 30 2 0000 0005 021E 7CC7 74FC 
2 00000002 29 1 0000 0002 011D CDCD 5437 
2 00000004 10 1 0000 0004 010A E6AA 148E 
2 00000002 33 2 0000 0002 0221 67D4 7521 
2 00000001 52 0 0000 0001 0034 D4F7 8180 
2 00000003 39 0 0000 0003 0027 32C0 2600 
2 00000005 52 1 0000 0005 0134 F06B CD1E 
2 00000004 45 2 0000 0004 022D 6493 5DAB 
2 00000001 59 3 0000 0001 033B 5C97 5236 
2 00000005 29 2 0000 0005 021D 9CB8 F2DB 
2 00000004 9 1 0000 0004 0109 B830 225F 
2 00000003 3 0 0000 0003 0003 E21E 148C 
2 00000004 48 1 0000 0004 0130 B477 7000 
2 00000003 37 1 0000 0003 0125 EF68 0CB9 
2 00000005 39 1 0000 0005 0127 3900 F7E9 
2 00000004 49 2 0000 0004 0231 504F 4D7C 
2 00000002 44 1 0000 0002 012C A6E6 EAD3 
2 00000002 46 3 0000 0002 032E B8D2 773B 
2 00000005 15 2 0000 0005 020F EE3E D516 
2 00000003 28 1 0000 0003 011C B475 AA77 
2 00000003 50 1 0000 0003 0132 2A03 AAB7 
2 00000001 54 1 0000 0001 0136 3290 0DE5 
2 00000006 39 1 0000 0006 0127 611F FB39 
2 00000006 21 2 0000 0006 0215 9F56 AB28 
2 00000001 55 0 0000 0001 0037 7902 1294 
2 00000003 25 2 0000 0003 0219 FA12 784E 
2 00000001 62 3 0000 0001 033E 7D9F A305 
2 00000004 37 2 0000 0004 0225 8FAF 129E 
2 00000004 50 2 0000 0004 0232 5C49 9511 
2 00000002 40 3 0000 0002 0328 E057 3D5D 
2 00000001 29 0 0000 0001 001D 108A 4325 
2 00000001 6 3 0000 0001 0306 830A 5C7B 
2 00000002 55 0 0000 0002 0037 91BE 2BB4 
2 00000000 30 0 0000 0000 001E E8AA 2DFC 
2 00000002 28 2 0000 0002 021C 0E69 F6BD 
2 00000001 61 0 0000 0001 003D 2CD8 FA1E 
2 00000005 11 2 0000 0005 020B 8AAD BF5B 
2 00000004 59 2 0000 0004 023B 5789 7399 
2 00000003 31 2 0000 0003 021F A017 1FF9 
2 00000003 8 2 0000 0003 0208 1894 75D8 
2 00000002 36 1 0000 0002 0124 0E49 58AB 
2 00000002 14 0 0000 0002 000E 0E8B 1597 
2 00000003 46 3 0000 0003 032E 1FFC 6269 
2 00000001 54 0 0000 0001 0036 D74B 1590 
2 00000001 14 3 0000 0001 030E 4A13 EB22 
2 00000005 45 1 0000 0005 012D 72A5 F8A7 
2 00000004 15 1 0000 0004 010F C732 B48E 
2 00000001 26 0 0000 0001 001A 8658 A5F5 
2 00000005 45 2 0000 0005 022D 53BF C266 
2 00000003 1 2 0000 0003 0201 A096 501E 
2 00000000 45 0 0000 0000 002D 59CB F444 
2 00000005 1 1 0000 0005 0101 B832 DED8 
2 00000001 2 1 0000 0001 0102 0D51 830D 
2 00000000 36 0 0000 0000 0024 05A7 A354 
2 00000002 1 3 0000 0002 0301 3EFF 498A 
2 00000002 24 3 0000 0002 0318 05B7 1358 
2 00000003 42 1 0000 0003 012A ED93 9180 
2 00000002 40 2 0000 0002 0228 95B8 71AE 
2 00000006 45 1 0000 0006 012D F05D 59B9 
2 00000002 35 2 0000 0002 0223 D03E 93D7 
2 00000004 8 2 0000 0004 0208 8D74 2E5A 
2 00000002 18 2 0000 0002 0212 E5C3 3CF2 
2 00000006 53 1 0000 0006 0135 4662 7CC5 
2 00000005 53 0 0000 0005 0035 F3A5 4BD0 
2 00000002 51 1 0000 0002 0133 F849 58D5 
2 00000002 56 1 0000 0002 0138 00AF 0225 
2 00000004 47 1 0000 0004 012F F46A E9CD 
2 00000004 9 2 0000 0004 0209 3D9A 7AA5 
2 00000005 49 2 0000 0005 0231 4DB7 E3BD 
2 00000004 39 2 0000 0004 0227 FD68 202D 
2 00000003 6 2 0000 0003 0206 1992 738B 
2 00000004 57 1 0000 0004 0139 F30A AB8A 
2 00000005 4 2 0000 0005 0204 7533 F2CC 
2 00000005 14 2 0000 0005 020E 0E18 09E9 
2 00000002 10 0 0000 0002 000A EA62 17F0 
2 00000003 46 1 0000 0003 012E E8E8 FC51 
2 00000006 15 2 0000 0006 020F 2A7F 6E13 
2 00000007 60 2 0000 0007 023C 60FA E491 
2 00000004 42 2 0000 0004 022A 84AD 02AD 
2 00000004 20 1 0000 0004 0114 C56C 1CFC 
2 00000003 5 2 0000 0003 0205 0AC4 D8C0 
2 00000007 53 1 0000 0007 0135 C696 43E2 
2 00000002 49 0 0000 0002 0031 1E7C 5E8B 
2 00000002 63 1 0000 0002 013F C950 4C1F 
2 00000003 47 3 0000 0003 032F 7BB5 526C 
2 00000004 41 1 0000 0004 0129 A5F2 0548 
2 00000004 47 2 0000 0004 022F 7198 B64F 
2 00000001 13 3 0000 0001 030D 61BD 8A52 
2 00000003 9 0 0000 0003 0009 0F24 32D0 
2 00000007 39 1 0000 0007 0127 4594 8365 
2 00000003 16 2 0000 0003 0210 4FE2 989B 
2 00000001 21 3 0000 0001 0315 1D35 45EB 
2 00000002 5 0 0000 0002 0005 D826 D723 
2 00000006 45 2 0000 0006 022D 81C1 F370 
2 00000003 35 1 0000 0003 0123 DA56 850F 
2 00000006 30 2 0000 0006 021E 334C DF5F 
2 00000003 58 1 0000 0003 013A 1D7D AF51 
2 00000002 56 3 0000 0002 0338 5755 4D79 
2 00000002 40 1 0000 0002 0128 1093 0DE6 
2 00000003 56 1 0000 0003 0138 DE71 ADCF 
2 00000003 18 2 0000 0003 0212 FD79 7592 
2 00000008 39 1 0000 0008 0127 B153 EF10 
2 00000006 14 2 0000 0006 020E 14D3 4C22 
2 00000003 5 0 0000 0003 0005 190B 08CE 
2 00000003 50 3 0000 0003 0332 19B2 E7D1 
2 00000005 27 2 0000 0005 021B BDEF 7A5F 
2 00000003 22 3 0000 0003 0316 1CA2 59C5 
2 00000005 17 2 0000 0005 0211 13EB 30A1 
2 00000004 42 1 0000 0004 012A 840E D94E 
2 00000003 3 1 0000 0003 0103 F8FB EE01 
2 00000007 21 2 0000 0007 0215 326D DF78 
2 00000001 13 1 0000 0001 010D D95A B30F 
2 00000000 38 3 0000 0000 0326 B584 DBBD 
2 00000000 30 3 0000 0000 031E A024 7555 
2 00000004 24 1 0000 0004 0118 D038 1F0C 
2 00000002 20 2 0000 0002 0214 1B40 5D74 
2 00000003 4 0 0000 0003 0004 456F 16BE 
2 00000005 37 2 0000 0005 0225 5945 E955 
2 00000000 61 2 0000 0000 023D A57D 3D48 
2 00000004 60 1 0000 0004 013C DA71 DF28 
2 00000007 43 1 0000 0007 012B 4DD0 2217 
2 00000003 18 0 0000 0003 0012 5535 4447 
2 00000008 53 1 0000 0008 0135 E1B8 3A2F 
2 00000004 16 2 0000 0004 0210 BFEF 2B28 
2 00000005 48 2 0000 0005 0230 BFCA 8CF1 
2 00000000 42 3 0000 0000 032A B89C EB79 
2 00000004 31 2 0000 0004 021F 9EA7 6145 
2 00000000 31 0 0000 0000 001F 5EBD FB0D 
2 00000004 50 1 0000 0004 0132 002E DD42 
2 00000003 20 2 0000 0003 0214 126D C476 
2 00000003 19 1 0000 0003 0113 0FE6 386B 
2 00000006 37 2 0000 0006 0225 1097 E2D2 
2 00000002 2 1 0000 0002 0102 9AED 5873 
2 00000003 27 1 0000 0003 011B 9AE0 A2FF 
2 00000002 16 3 0000 0002 0310 73BD 490E 
2 00000004 37 1 0000 0004 0125 ECE1 8BFC 
2 00000005 38 1 0000 0005 0126 6E63 87B5 
2 00000004 7 2 0000 0004 0207 B175 534F 
2 00000001 6 1 0000 0001 0106 5FD6 DE05 
2 00000006 26 1 0000 0006 011A F0FC F3CE 
2 00000003 22 1 0000 0003 0116 CD3C 9114 
2 00000002 6 3 0000 0002 0306 36D8 BDC9 
2 00000007 15 2 0000 0007 020F E2E0 B736 
2 00000002 3 3 0000 0002 0303 87FD 7A62 
2 00000004 26 2 0000 0004 021A D057 C7DE 
2 00000003 41 0 0000 0003 0029 1264 FEC1 
2 00000002 49 1 0000 0002 0131 1BA5 1E71 
2 00000004 23 0 0000 0004 0017 EFFE B7BA 
2 00000004 56 1 0000 0004 0138 134F 4173 
2 00000004 33 1 0000 0004 0121 7FD2 74F8 
2 00000000 35 0 0000 0000 0023 C686 85C5 
2 00000002 5 3 0000 0002 0305 10E4 65D3 
2 00000003 59 0 0000 0003 003B 771B D34B 
2 00000002 44 0 0000 0002 002C 67C8 14C5 
2 00000004 44 2 0000 0004 022C D20F D547 
2 00000000 2 3 0000 0000 0302 BB77 6AAA 
2 00000006 29 2 0000 0006 021D 6B5C 924D 
2 00000005 7 2 0000 0005 0207 A0F2 E8B7 
2 00000005 56 1 0000 0005 0138 4E13 6BAD 
2 00000001 50 0 0000 0001 0032 6342 B5BD 
2 00000005 12 1 0000 0005 010C E0F8 AB01 
2 00000002 57 0 0000 0002 0039 8300 6D40 
2 00000006 52 1 0000 0006 0134 D6AC 9BB3 
2 00000004 32 1 0000 0004 0120 811A 4573 
2 00000007 26 1 0000 0007 011A A816 08AA 
2 00000004 18 2 0000 0004 0212 6541 5FAB 
2 00000004 10 3 0000 0004 030A D5E8 7D13 
2 00000005 5 1 0000 0005 0105 6972 AA86 
2 00000002 34 1 0000 0002 0122 6DA9 1766 
2 00000002 54 1 0000 0002 0136 7DBD 1D16 
2 00000004 19 1 0000 0004 0113 6769 86C0 
2 00000004 50 3 0000 0004 0332 2655 10A3 
2 00000006 12 1 0000 0006 010C 3253 6047 
2 00000004 41 2 0000 0004 0229 EE52 F39F 
2 00000007 45 1 0000 0007 012D FE31 3DA1 
2 00000004 1 2 0000 0004 0201 C1A4 A1BE 
2 00000003 49 0 0000 0003 0031 4EB6 082D 
2 00000002 53 2 0000 0002 0235 37BE 3705 
2 00000003 24 3 0000 0003 0318 0C49 36F0 
2 00000002 21 0 0000 0002 0015 83C9 52BA 
2 00000005 30 1 0000 0005 011E AB86 C852 
2 00000008 2 2 0000 0008 0202 15B0 A9F1 
2 00000004 12 2 0000 0004 020C 019F 9CAF 
2 00000006 56 1 0000 0006 0138 A4E5 1D98 
2 00000005 50 2 0000 0005 0232 A696 BF72 
2 00000007 12 1 0000 0007 010C 00AB 4C8A 
2 00000001 61 2 0000 0001 023D 72B5 BBDA 
2 00000003 55 0 0000 0003 0037 FBC6 9711 
2 00000006 11 2 0000 0006 020B 9F17 5FEC 
2 00000002 60 0 0000 0002 003C 11B5 6AAD 
2 00000005 31 2 0000 0005 021F 6E71 9292 
2 00000007 30 2 0000 0007 021E 214B 0CB7 
2 00000007 29 2 0000 0007 021D 6D8F E435 
2 00000004 27 1 0000 0004 011B 1029 FA2D 
2 00000003 40 3 0000 0003 0328 8E9F 6E52 
2 00000005 60 1 0000 0005 013C F1E1 2709 
2 00000001 60 3 0000 0001 033C 7B15 669C 
2 00000007 14 2 0000 0007 020E 23BB A087 
2 00000001 39 3 0000 0001 0327 5CB3 E4EA 
2 00000007 11 2 0000 0007 020B 0EA3 C6BC 
2 00000005 39 2 0000 0005 0227 89DB EAAB 
2 00000005 59 2 0000 0005 023B DB30 9060 
2 00000006 27 2 0000 0006 021B 9E97 B806 
2 00000004 7 1 0000 0004 0107 877C B94E 
2 00000003 33 2 0000 0003 0221 74DD EE2E 
2 00000004 23 2 0000 0004 0217 87FC 84FB 
2 00000002 27 0 0000 0002 001B 0AD9 6145 
2 00000005 14 1 0000 0005 010E 9CF1 C53D 
2 00000003 54 1 0000 0003 0136 6EE3 F638 
2 00000002 4 3 0000 0002 0304 0D87 C7E2 
2 00000003 54 2 0000 0003 0236 E56C 4D53 
2 00000001 0 1 0000 0001 0100 1524 2CDF 
2 00000005 15 1 0000 0005 010F 3E8E E99C 
2 00000008 14 2 0000 0008 020E 9C28 BC59 
2 00000005 19 1 0000 0005 0113 AF93 6725 
2 00000005 57 1 0000 0005 0139 4092 4BB6 
2 00000003 51 1 0000 0003 0133 82EA EB22 
2 00000002 31 1 0000 0002 011F 7AFB 43E3 
2 00000004 22 3 0000 0004 0316 24E4 F371 
2 00000002 16 0 0000 0002 0010 CBF9 AC32 
2 00000001 23 3 0000 0001 0317 B6F4 ECCE 
2 00000002 29 0 0000 0002 001D 8DA3 1C75 
2 00000002 2 0 0000 0002 0002 3D72 4FE3 
2 00000003 16 3 0000 0003 0310 8335 D2AA 
2 00000003 53 2 0000 0003 0235 A54F E132 
2 00000003 3 2 0000 0003 0203 84B9 6B0E 
2 00000006 17 2 0000 0006 0211 AB83 12A2 
2 00000008 60 2 0000 0008 023C F41D 2AEE 
2 00000008 21 2 0000 0008 0215 DCC1 9801 
2 00000000 0 3 0000 0000 0300 AD55 B51E 
2 00000003 55 1 0000 0003 0137 9B40 6F81 
2 00000002 0 1 0000 0002 0100 8485 FC72 
2 00000001 8 3 0000 0001 0308 D580 C752 
2 00000002 48 3 0000 0002 0330 3CD9 20E3 
2 00000008 43 1 0000 0008 012B DE5C 4015 
2 00000001 34 3 0000 0001 0322 9711 C400 
2 00000001 63 3 0000 0001 033F 7809 7DE1 
2 00000007 52 1 0000 0007 0134 C546 D94A 
2 00000004 13 2 0000 0004 020D FADD 356D 
2 00000009 43 1 0000 0009 012B 292A 73FD 
2 00000003 16 1 0000 0003 0110 8DFB D413 
2 00000003 40 1 0000 0003 0128 BB12 9E6F 
2 00000001 58 0 0000 0001 003A FF16 0D32 
2 00000005 41 1 0000 0005 0129 C7E5 CC32 
2 00000001 30 3 0000 0001 031E 13C4 9294 
2 00000005 48 1 0000 0005 0130 E636 C601 
2 00000004 3 2 0000 0004 0203 486C 0B11 
2 00000004 33 2 0000 0004 0221 773D 88D8 
2 00000006 19 1 0000 0006 0113 6129 BB54 
2 00000004 46 3 0000 0004 032E 9C97 F2F7 
2 00000002 46 0 0000 0002 002E A5B0 84EA 
2 00000005 1 2 0000 0005 0201 6543 BB67 
2 00000004 54 2 0000 0004 0236 2312 9835 
2 00000003 56 3 0000 0003 0338 8CE5 0381 
2 00000004 4 0 0000 0004 0004 891B AA08 
2 0000000A 43 1 0000 000A 012B 7377 13EC 
2 00000005 32 1 0000 0005 0120 C56C CE58 
2 00000005 17 1 0000 0005 0111 D603 0BD0 
2 00000000 19 3 0000 0000 0313 80C5 F378 
2 00000002 61 2 0000 0002 023D 8550 236F 
2 00000006 59 2 0000 0006 023B F6A1 74D6 
2 00000005 42 2 0000 0005 022A 7FBC 0DC5 
2 00000009 21 2 0000 0009 0215 A61A FCB1 
2 00000002 55 3 0000 0002 0337 E21B 04DD 
2 00000002 62 3 0000 0002 033E 46FC 611C 
2 00000004 9 0 0000 0004 0009 F36A 642B 
2 00000004 5 2 0000 0004 0205 44CA 5ED3 
2 00000005 18 2 0000 0005 0212 2FA3 63DE 
2 00000006 59 1 0000 0006 013B A426 62FD 
2 00000003 49 1 0000 0003 0131 7F6A F70E 
2 00000004 23 1 0000 0004 0117 05A1 AC83 
2 00000004 34 2 0000 0004 0222 D4AA 8B84 
2 00000004 39 0 0000 0004 0027 CE33 420A 
2 00000008 11 2 0000 0008 020B 9786 9937 
2 00000002 30 3 0000 0002 031E 605B 12BC 
2 00000001 45 0 0000 0001 002D E865 4867 
2 00000005 23 1 0000 0005 0117 9419 FF20 
2 00000005 47 1 0000 0005 012F 5801 1A87 
2 00000008 36 2 0000 0008 0224 769B 1351 
2 00000003 34 0 0000 0003 0022 5387 B412 
2 00000003 28 3 0000 0003 031C A1EB C750 
2 00000001 48 0 0000 0001 0030 C62D 18F7 
2 00000004 46 1 0000 0004 012E F5E2 22B5 
2 00000004 58 1 0000 0004 013A 5536 538B 
2 00000009 2 2 0000 0009 0202 1DC0 E15C 
2 00000005 10 1 0000 0005 010A BA43 DAE9 
2 00000005 26 2 0000 0005 021A C2AF 4B00 
2 00000006 41 1 0000 0006 0129 A1E4 D288 
2 00000004 22 1 0000 0004 0116 76C0 1A54 
2 00000001 47 0 0000 0001 002F 25C6 6969 
2 00000005 8 2 0000 0005 0208 8063 A621 
2 00000006 10 1 0000 0006 010A 3173 1D8D 
2 00000003 43 2 0000 0003 022B A04B 9F40 
2 00000004 34 0 0000 0004 0022 8312 9B47 
2 00000000 28 0 0000 0000 001C 53DA FF01 
2 00000006 30 1 0000 0006 011E 6377 FDFE 
2 00000006 19 2 0000 0006 0213 F0D6 96EA 
2 00000006 15 1 0000 0006 010F A8D7 DACA 
2 00000006 1 2 0000 0006 0201 A0A0 319C 
2 00000004 25 2 0000 0004 0219 2B41 C969 
2 0000000A 21 2 0000 000A 0215 A52B 2408 
2 00000005 23 2 0000 0005 0217 CA32 0B87 
2 00000003 29 1 0000 0003 011D 8749 9C71 
2 00000002 22 2 0000 0002 0216 E19E 3257 
2 00000003 2 1 0000 0003 0102 7996 3282 
2 00000004 27 3 0000 0004 031B 6ACD 35FB 
2 00000007 27 2 0000 0007 021B B6F0 D9B5 
2 00000007 45 2 0000 0007 022D 403C A41D 
2 00000004 49 1 0000 0004 0131 51FF 5912 
2 00000002 57 2 0000 0002 0239 FA7D A199 
2 00000009 53 1 0000 0009 0135 D34A 2D00 
2 00000008 45 1 0000 0008 012D 8120 F92C 
2 00000005 7 1 0000 0005 0107 236A 04E5 
2 00000004 51 2 0000 0004 0233 5037 3D85 
2 00000006 4 2 0000 0006 0204 7D02 5186 
2 00000003 3 3 0000 0003 0303 9064 C8C9 
2 00000002 8 1 0000 0002 0108 7638 6EC9 
2 00000007 56 1 0000 0007 0138 1F72 675B 
2 00000005 5 2 0000 0005 0205 65B6 B73C 
2 00000001 36 0 0000 0001 0024 A289 333C 
2 00000006 26 2 0000 0006 021A 23D2 65A3 
2 00000006 53 0 0000 0006 0035 4094 565F 
2 00000006 24 2 0000 0006 0218 7752 7BD9 
2 00000004 35 1 0000 0004 0123 78AF 6948 
2 00000002 19 0 0000 0002 0013 04B2 3B23 
2 00000003 35 2 0000 0003 0223 07D8 D05C 
2 00000002 25 3 0000 0002 0319 234E FA15 
2 00000002 61 0 0000 0002 003D 0119 0589 
2 00000006 42 2 0000 0006 022A 4F52 DB14 
2 00000006 8 2 0000 0006 0208 2296 DB35 
2 00000001 0 0 0000 0001 0000 486D 22CD 
2 00000002 51 0 0000 0002 0033 32A1 0DC1 
2 00000009 36 2 0000 0009 0224 6909 E97C 
2 00000008 27 2 0000 0008 021B 88F6 9BC6 
2 00000003 44 1 0000 0003 012C 51EB E2DD 
2 00000004 55 0 0000 0004 0037 B2D7 97C2 
2 00000004 43 2 0000 0004 022B A090 1B1A 
2 00000001 25 1 0000 0001 0119 EBF7 2580 
2 00000002 13 1 0000 0002 010D A58E 259D 
2 00000007 37 2 0000 0007 0225 8A41 47E0 
2 00000003 5 3 0000 0003 0305 3E68 DB64 
2 00000003 6 0 0000 0003 0006 92BD 3DA4 
2 00000003 16 0 0000 0003 0010 A08C B33A 
2 00000007 26 2 0000 0007 021A D3B0 314C 
2 00000009 11 2 0000 0009 020B 442C BD4C 
2 00000001 18 1 0000 0001 0112 F960 38C3 
2 00000007 8 2 0000 0007 0208 B2D0 A159 
2 00000005 20 1 0000 0005 0114 B14F 0BA0 
2 00000002 6 1 0000 0002 0106 2A7A B39B 
2 00000006 5 1 0000 0006 0105 4AD9 1824 
2 00000004 28 3 0000 0004 031C 69F7 3BC1 
2 00000005 50 1 0000 0005 0132 CA50 549B 
2 00000004 16 1 0000 0004 0110 2822 59BB 
2 00000007 11 1 0000 0007 010B 9B87 32A8 
2 00000004 49 0 0000 0004 0031 B385 F314 
2 00000004 24 3 0000 0004 0318 03FC BD79 
2 00000008 11 1 0000 0008 010B 79B0 4297 
2 00000006 1 1 0000 0006 0101 C2EA A5AA 
2 00000005 42 1 0000 0005 012A A121 C2BD 
2 00000002 60 3 0000 0002 033C D513 2F4B 
2 00000001 40 0 0000 0001 0028 9CB2 AB24 
2 00000005 16 1 0000 0005 0110 2E32 24F9 
2 00000003 21 0 0000 0003 0015 1CF6 3855 
2 00000008 56 1 0000 0008 0138 681E 73FE 
2 0000000A 53 1 0000 000A 0135 DCDF FAC6 
2 00000008 52 1 0000 0008 0134 8DB8 5FF6 
2 00000007 59 1 0000 0007 013B 9117 7987 
2 00000007 42 2 0000 0007 022A E702 6B65 
2 00000008 29 2 0000 0008 021D 7DDA D41F 
2 00000004 11 0 0000 0004 000B F7BF 886F 
2 00000003 60 3 0000 0003 033C 6C9E FA9A 
2 00000006 50 2 0000 0006 0232 A52F 4724 
2 00000000 35 3 0000 0000 0323 868E 10E2 
2 00000005 62 1 0000 0005 013E 9C68 6164 
2 00000007 5 1 0000 0007 0105 08F4 4091 
2 00000007 24 2 0000 0007 0218 81A8 2859 
2 00000001 30 0 0000 0001 001E 6069 5F59 
2 00000002 8 3 0000 0002 0308 30A2 4038 
2 00000006 39 2 0000 0006 0227 6903 22F0 
2 00000005 35 1 0000 0005 0123 08BA 1B6A 
2 00000002 4 1 0000 0002 0104 3761 63A6 
2 00000006 5 2 0000 0006 0205 4181 B7EB 
2 00000006 35 1 0000 0006 0123 B491 2CD8 
2 00000003 42 0 0000 0003 002A 6EA3 35CA 
2 00000003 8 3 0000 0003 0308 4109 85F6 
2 00000006 18 2 0000 0006 0212 AA46 01DE 
2 00000001 37 0 0000 0001 0025 00B4 B9FF 
2 00000007 1 2 0000 0007 0201 2459 6768 
2 00000004 18 0 0000 0004 0012 B8E0 0416 
2 00000007 46 2 0000 0007 022E 20B6 8F9D 
2 00000002 45 3 0000 0002 032D 7776 E916 
2 00000004 61 1 0000 0004 013D 403F 3736 
2 00000009 39 1 0000 0009 0127 81D7 730D 
2 00000005 12 2 0000 0005 020C 6BFF 4920 
2 00000005 11 0 0000 0005 000B C233 4E5A 
2 00000004 44 1 0000 0004 012C 7C77 80DA 
2 00000000 63 2 0000 0000 023F 5300 B9FB 
2 00000005 47 2 0000 0005 022F 2B48 655D 
2 00000005 22 1 0000 0005 0116 F80F 8E3A 
2 00000001 25 0 0000 0001 0019 3F01 80D6 
2 00000005 34 2 0000 0005 0222 DC5F 989E 
2 00000008 15 2 0000 0008 020F 96BC 1AF6 
2 00000003 8 1 0000 0003 0108 9750 DC1C 
2 00000002 36 3 0000 0002 0324 F03E 4498 
2 00000005 33 1 0000 0005 0121 83AF 1F87 
2 00000003 62 2 0000 0003 023E 1087 8FD6 
2 00000005 3 2 0000 0005 0203 F79D E07F 
2 00000009 11 1 0000 0009 010B DA9E AB6F 
2 00000007 59 2 0000 0007 023B B695 ED8C 
2 0000000B 53 1 0000 000B 0135 CEBA EB09 
2 00000006 32 1 0000 0006 0120 F596 59E3 
2 00000004 29 1 0000 0004 011D 2C23 8175 
2 00000004 8 1 0000 0004 0108 DF92 61F7 
2 00000003 51 0 0000 0003 0033 5E62 0E1D 
2 00000006 38 1 0000 0006 0126 47B2 0408 
2 00000007 19 1 0000 0007 0113 1D51 ED41 
2 00000007 32 1 0000 0007 0120 3168 C90D 
2 00000003 1 3 0000 0003 0301 1FA5 D64C 
2 00000000 32 3 0000 0000 0320 CD37 27E6 
2 00000005 51 2 0000 0005 0233 FA7C A460 
2 0000000A 39 1 0000 000A 0127 CA79 A236 
2 00000002 54 0 0000 0002 0036 624E 028F 
2 0000000B 43 1 0000 000B 012B 7D97 DEC9 
2 00000006 34 2 0000 0006 0222 D5EB FB41 
2 00000008 26 2 0000 0008 021A 5ABA 7181 
2 00000003 45 3 0000 0003 032D FF99 2067 
2 00000005 24 3 0000 0005 0318 82E9 2C22 
2 00000006 55 2 0000 0006 0237 57A8 BB47 
2 00000006 47 2 0000 0006 022F 20A5 CC38 
2 00000005 32 2 0000 0005 0220 8064 A0A7 
2 00000003 56 0 0000 0003 0038 BFF1 CDC6 
2 00000008 59 1 0000 0008 013B C0B3 6589 
2 00000005 46 3 0000 0005 032E DC4F E62C 
2 00000002 43 0 0000 0002 002B 4CDD 7DB0 
2 00000009 56 1 0000 0009 0138 04B2 B240 
2 00000003 31 1 0000 0003 011F 544A DD58 
2 00000004 2 1 0000 0004 0102 BC44 C46F 
2 00000008 26 1 0000 0008 011A BF96 FB5F 
2 00000006 50 1 0000 0006 0132 A737 3BB7 
2 00000002 14 3 0000 0002 030E 62AC E08C 
2 00000002 26 0 0000 0002 001A 12D7 CA3B 
2 00000007 10 1 0000 0007 010A EF42 D216 
2 00000004 6 2 0000 0004 0206 384A 7E6F 
2 00000001 33 0 0000 0001 0021 3FBD A309 
2 00000003 60 0 0000 0003 003C 354B DE7B 
2 00000002 43 3 0000 0002 032B D9B2 6A44 
2 00000004 42 0 0000 0004 002A 13B5 6178 
2 00000006 33 1 0000 0006 0121 C401 5F1F 
2 00000006 62 1 0000 0006 013E EAE0 21EE 
2 00000006 49 2 0000 0006 0231 6ED6 83D2 
2 00000007 15 1 0000 0007 010F 52AA 1759 
2 00000001 15 0 0000 0001 000F BE62 3208 
2 00000007 62 1 0000 0007 013E 5532 4019 
2 00000002 38 0 0000 0002 0026 CD31 34F3 
2 00000009 59 1 0000 0009 013B A52B 2AB4 
2 00000002 21 3 0000 0002 0315 C2E7 D5C6 
2 00000004 51 1 0000 0004 0133 F30D 92A9 
2 00000007 38 1 0000 0007 0126 2D9C 2625 
2 00000002 23 3 0000 0002 0317 E913 1BF2 
2 00000002 58 0 0000 0002 003A B82A 1B60 
2 00000000 7 3 0000 0000 0307 A5EA 71DE 
2 0000000B 39 1 0000 000B 0127 4466 208A 
2 00000004 47 3 0000 0004 032F 36AD E251 
2 00000003 6 1 0000 0003 0106 DF94 5F7B 
2 00000006 22 1 0000 0006 0116 3034 8A44 
2 00000003 62 0 0000 0003 003E DB95 CA7F 
2 00000005 33 2 0000 0005 0221 C121 1408 
2 00000001 18 3 0000 0001 0312 E0A7 2675 
2 00000006 7 1 0000 0006 0107 09CE AE41 
2 0000000C 53 1 0000 000C 0135 9584 2835 
2 00000008 37 2 0000 0008 0225 16E9 0F41 
2 00000008 24 2 0000 0008 0218 116D 3E54 
2 00000002 26 3 0000 0002 031A F608 001B 
2 00000004 5 0 0000 0004 0005 7F5D CDB0 
2 00000004 60 3 0000 0004 033C 26B7 880D 
2 00000008 59 2 0000 0008 023B D191 6435 
2 00000006 3 2 0000 0006 0203 0E01 9698 
2 00000002 45 0 0000 0002 002D 2493 FAE2 
2 00000005 13 2 0000 0005 020D 890C B834 
2 00000007 30 1 0000 0007 011E E9D2 88CB 
2 00000003 52 2 0000 0003 0234 2AF6 F9C4 
2 00000009 37 2 0000 0009 0225 0BBB 4E3E 
2 00000003 0 1 0000 0003 0100 5C6E 94EC 
2 00000005 9 2 0000 0005 0209 BC65 00FB 
2 00000007 17 2 0000 0007 0211 B614 A51A 
2 00000007 50 2 0000 0007 0232 DBDB 51CA 
2 00000007 5 2 0000 0007 0205 5F4F E938 
2 00000005 44 1 0000 0005 012C 598E 4172 
2 00000005 21 1 0000 0005 0115 B652 B97A 
2 00000007 41 1 0000 0007 0129 F95A ECB6 
2 00000008 10 1 0000 0008 010A E90B 920D 
2 00000003 14 3 0000 0003 030E 0B16 A37E 
2 00000004 51 3 0000 0004 0333 916E 17D3 
2 00000004 12 3 0000 0004 030C E138 8013 
2 00000008 5 2 0000 0008 0205 D9C2 C1AC 
2 00000007 18 2 0000 0007 0212 E878 3615 
2 00000009 26 1 0000 0009 011A AB35 06A6 
2 00000005 37 1 0000 0005 0125 F0D3 A4E7 
2 00000006 47 1 0000 0006 012F D32C CB8A 
2 00000004 56 2 0000 0004 0238 1F16 F13C 
2 00000004 6 1 0000 0004 0106 C8E6 13C8 
2 00000008 8 2 0000 0008 0208 3AE9 1AE8 
2 00000003 44 0 0000 0003 002C BFDC 908C 
2 00000002 52 0 0000 0002 0034 BCEF 945D 
2 00000008 30 2 0000 0008 021E 0944 5F90 
2 00000009 26 2 0000 0009 021A 3D92 6597 
2 00000003 14 0 0000 0003 000E 0641 1D7C 
2 00000004 40 1 0000 0004 0128 8804 C094 
2 0000000A 26 2 0000 000A 021A 2244 CA2B 
2 00000009 45 1 0000 0009 012D 9060 D28F 
2 00000004 31 1 0000 0004 011F DF71 4F74 
2 00000001 38 3 0000 0001 0326 3C8A A613 
2 00000008 17 2 0000 0008 0211 C44D 92A1 
2 00000003 10 0 0000 0003 000A 07F1 E87F 
2 00000009 24 2 0000 0009 0218 248F DAED 
2 00000007 34 2 0000 0007 0222 933F AB77 
2 00000007 49 2 0000 0007 0231 D344 4D84 
2 00000005 4 0 0000 0005 0004 ECD8 22C5 
2 00000005 46 1 0000 0005 012E 235B 14EB 
2 00000001 9 3 0000 0001 0309 5560 2E24 
2 00000008 5 1 0000 0008 0105 7532 4878 
2 00000003 40 2 0000 0003 0228 90FC 7D7E 
2 00000008 46 2 0000 0008 022E 1E0C 7F28 
2 00000003 63 1 0000 0003 013F 57B0 D8DA 
2 00000006 57 1 0000 0006 0139 00B8 D4AA 
2 00000007 39 2 0000 0007 0227 A3B8 05AF 
2 00000005 49 0 0000 0005 0031 994F 57D2 
2 00000008 15 1 0000 0008 010F 1CA6 29DE 
2 00000003 57 0 0000 0003 0039 081E E4D5 
2 00000004 52 2 0000 0004 0234 D2C7 DBE4 
2 00000000 29 3 0000 0000 031D 8485 FBF7 
2 00000005 27 1 0000 0005 011B ECDA 23DA 
2 00000004 28 1 0000 0004 011C 0436 D2BD 
2 00000003 25 3 0000 0003 0319 8A41 086B 
2 00000005 8 1 0000 0005 0108 B442 6CC7 
2 00000007 1 1 0000 0007 0101 D288 D4B2 
2 00000009 15 2 0000 0009 020F F4E7 11AB 
2 00000006 46 1 0000 0006 012E 6E7E 6474 
2 00000004 54 1 0000 0004 0136 34D3 A41B 
2 00000008 19 1 0000 0008 0113 4FE7 B436 
2 00000008 1 2 0000 0008 0201 ECA5 BE72 
2 00000002 30 0 0000 0002 001E 7D49 CFB0 
2 00000004 62 0 0000 0004 003E 61F8 A02E 
2 00000008 45 2 0000 0008 022D C844 E87C 
2 00000004 14 3 0000 0004 030E 943B 95D9 
2 0000000A 59 1 0000 000A 013B 7C16 877B 
2 00000009 5 1 0000 0009 0105 EACB ABA0 
2 00000004 62 2 0000 0004 023E EFC2 28EA 
2 00000007 46 1 0000 0007 012E 4465 1CB8 
2 0000000A 5 1 0000 000A 0105 B6DC 3B05 
2 00000003 28 2 0000 0003 021C E7FB 4424 
2 0000000A 26 1 0000 000A 011A 1D3F 6933 
2 00000006 9 2 0000 0006 0209 A203 063E 
2 00000001 32 3 0000 0001 0320 D430 378A 
2 00000006 14 1 0000 0006 010E 1D5E 1C53 
2 00000003 58 0 0000 0003 003A CC65 B0BE 
2 00000007 47 2 0000 0007 022F 5A05 B801 
2 00000008 46 1 0000 0008 012E 5D39 3AE0 
2 00000004 20 2 0000 0004 0214 4905 DB9B 
2 00000002 40 0 0000 0002 0028 B102 C1D4 
2 00000003 43 3 0000 0003 032B CACE 7786 
2 0000000A 15 2 0000 000A 020F BA5F 87FE 
2 00000001 11 3 0000 0001 030B D6C1 D329 
2 00000001 33 3 0000 0001 0321 E86F 349F 
2 00000003 13 1 0000 0003 010D 0B5D 8DAF 
2 00000002 32 3 0000 0002 0320 6DDF 7D13 
2 00000006 11 0 0000 0006 000B C957 45F0 
2 00000009 30 2 0000 0009 021E AE38 97C0 
2 00000004 10 2 0000 0004 020A 9E98 02E6 
2 0000000A 30 2 0000 000A 021E 318B B6B9 
2 0000000A 37 2 0000 000A 0225 B727 9AED 
2 00000003 2 0 0000 0003 0002 D4E0 A79D 
2 00000006 33 2 0000 0006 0221 CE35 BB74 
2 00000002 37 0 0000 0002 0025 1A22 96B5 
2 00000005 50 3 0000 0005 0332 81DB C3D1 
2 00000004 43 3 0000 0004 032B 5673 F1EE 
2 00000005 9 1 0000 0005 0109 6A76 2376 
2 00000004 58 0 0000 0004 003A 77E6 8E16 
2 00000006 46 3 0000 0006 032E 89DE C889 
2 00000003 41 3 0000 0003 0329 6D95 4804 
2 00000004 14 0 0000 0004 000E 3357 DA86 
2 00000002 18 3 0000 0002 0312 3572 2B86 
2 00000004 53 2 0000 0004 0235 7FE7 3FE2 
2 00000003 29 0 0000 0003 001D 6480 FDF5 
2 0000000B 59 1 0000 000B 013B 0D74 E725 
